
	DATE	N_CL	AVG_CL	STD_CL	MED_CL	P16_CL	P84_CL	GM_CL	SGD_CL	N_NO3	AVG_NO3	STD_NO3	MED_NO3	P16_NO3	P84_NO3	GM_NO3	SGD_NO3	N_SO4	AVG_SO4	STD_SO4	MED_SO4	P16_SO4	P84_SO4	GM_SO4	SGD_SO4	N_NA	AVG_NA	STD_NA	MED_NA	P16_NA	P84_NA	GM_NA	SGD_NA	N_NSSSO4	AVG_NSSSO4	STD_NSSSO4	MED_NSSSO4	P16_NSSSO4	P84_NSSSO4	GM_NSSSO4	SGD_NSSSO4								N_MSA	AVG_MSA	STD_MSA	MED_MSA	P16_MSA	P84_MSA	GM_MSA	SGD_MSA	N_DUST	AVG_DUST	STD_DUST	MED_DUST	P16_DUST	P84_DUST	GM_DUST	SGD_DUST	N_NH4	AVG_NH4	STD_NH4	MED_NH4	P16_NH4	P84_NH4	GM_NH4	SGD_NH4																			
	01.01.1984	#N/A		#N/A						#N/A		#N/A						#N/A		#N/A						#N/A		#N/A						#N/A		#N/A													0		#N/A						0																																		
	01.02.1984	#N/A		#N/A						#N/A		#N/A						#N/A		#N/A						#N/A		#N/A						#N/A		#N/A													0		#N/A						0																																		
	01.03.1984	#N/A		#N/A						#N/A		#N/A						#N/A		#N/A						#N/A		#N/A						#N/A		#N/A													0		#N/A						0																																		
	01.04.1984	#N/A		#N/A						#N/A		#N/A						#N/A		#N/A						#N/A		#N/A						#N/A		#N/A													0		#N/A						0																																		
	01.05.1984	27	10.435	3.658						27	0.581	0.222						27	2.420	0.711						27	5.668	1.867						27	0.993	0.563													0		#N/A						27	15.066	17.135																																
	01.06.1984	29	11.635	3.264						29	0.833	0.298						29	2.963	0.987						29	6.374	1.735						29	1.359	0.785													0		#N/A						29	43.782	27.115																																
	01.07.1984	27	11.888	3.293						27	0.751	0.304						27	4.129	2.221						27	6.714	1.831						27	2.440	2.097													0		#N/A						27	44.350	38.619																																
	01.08.1984	29	8.210	2.158						29	0.597	0.253						29	2.743	1.109						29	4.490	1.181						29	1.613	0.911													0		#N/A						29	26.078	20.025																																
	01.09.1984	27	6.556	1.748						27	0.495	0.192						27	2.002	0.642						27	3.483	0.914						27	1.125	0.507													0		#N/A						27	21.026	15.682																																
	01.10.1984	29	7.846	2.730						29	0.540	0.303						29	2.075	0.782						29	4.146	1.424						29	1.032	0.634													0		#N/A						29	26.968	28.693																																
	01.11.1984	21	10.587	6.226						21	0.542	0.619						21	1.981	0.859						21	5.489	3.226						21	0.599	0.395													0		#N/A						21	8.220	15.294																																
	01.12.1984	27	7.639	3.615						27	0.477	0.470						27	1.573	0.611						27	3.982	1.863						27	0.571	0.276													0		#N/A						27	7.135	13.291																																
	01.01.1985	28	5.959	1.395						28	0.285	0.239						28	1.176	0.283						28	3.093	0.764						28	0.398	0.162													14	0.0141	0.0027						28	1.351	1.560																																
	01.02.1985	27	9.257	2.662						27	0.389	0.316						27	1.814	0.416						27	4.891	1.435						27	0.583	0.303													19	0.0187	0.0072						27	4.304	7.267																																
	02.03.1985	29	8.188	3.264						29	0.374	0.337						29	1.694	0.806						29	4.264	1.709						29	0.621	0.425													12	0.0176	0.0058						29	15.179	32.597																																
	02.04.1985	21	9.930	4.217						21	0.611	0.296						21	2.200	0.871						21	5.108	1.787						21	0.914	0.654													0		#N/A						21	16.354	20.258																																
	02.05.1985	25	7.718	1.722						25	0.696	0.414						25	2.002	0.622						25	4.256	0.952						25	0.930	0.454													7	0.0282	0.0096						25	16.328	13.311																																
	02.06.1985	28	8.050	3.446						28	0.807	0.210						28	2.416	0.952						28	4.495	1.692						28	1.285	0.883													14	0.0325	0.0098						28	34.859	20.196																																
	02.07.1985	30	6.737	1.414						30	0.446	0.124						30	1.784	0.479						30	3.514	0.744						30	0.899	0.366													4	0.0208	0.0087						30	26.179	11.195																																
	02.08.1985	22	6.242	2.676						22	0.463	0.239						22	1.612	0.688						22	3.206	1.378						22	0.805	0.555													3	0.0164	0.0075						22	21.201	19.419																																
	02.09.1985	24	7.184	4.448						24	0.421	0.177						24	1.829	0.860						24	3.943	2.399						24	0.837	0.469													5	0.0186	0.0033						24	19.257	19.572																																
	02.10.1985	29	6.291	3.405						29	0.444	0.258						29	1.794	0.620						29	3.632	1.862						29	0.880	0.386													4	0.0163	0.0085						29	21.268	18.404																																
	02.11.1985	29	7.683	5.984						29	0.315	0.293						29	1.534	0.899						29	4.472	3.466						29	0.408	0.359													4	0.0172	0.0082						29	3.441	4.436																																
	02.12.1985	24	7.191	2.868						24	0.517	0.439						24	1.525	0.510						24	4.144	1.633						24	0.482	0.270													5	0.0126	0.0035						24	7.836	16.539																																
	01.01.1986	31	8.796	4.605						31	0.333	0.232						31	1.619	0.635						31	4.857	2.415						31	0.397	0.266													0		#N/A						31	8.639	10.608																																
	01.02.1986	25	6.300	3.986						25	0.304	0.226						25	1.224	0.641						25	3.518	2.202						25	0.338	0.187													1	0.0151	#N/A						25	1.896	3.457																																
	02.03.1986	29	9.704	5.579						29	0.252	0.198						29	1.548	0.692						29	5.257	2.809						29	0.225	0.366													1	0.0130	#N/A						29	6.672	17.388																																
	02.04.1986	30	8.480	3.392						30	0.606	0.301						30	1.881	0.650						30	4.907	1.907						30	0.646	0.466													0		#N/A						30	15.076	14.705																																
	02.05.1986	30	7.379	3.628						30	0.503	0.374						30	1.407	0.701						30	3.964	2.043						30	0.409	0.448													0		#N/A						30	13.584	11.565																																
	02.06.1986	28	5.938	2.679						28	0.371	0.289						28	1.221	0.546						28	3.093	1.386						28	0.443	0.289													0		#N/A						28	13.284	6.730																																
	02.07.1986	30	3.121	0.768						30	0.245	0.077						30	0.933	0.213						30	1.884	0.409						30	0.459	0.181													0		#N/A						30	10.385	7.054																																
	02.08.1986	28	5.963	3.400						28	0.449	0.230						28	1.723	0.730						28	3.437	1.920						28	0.858	0.431													0		#N/A						28	15.879	12.109																																
	02.09.1986	23	6.040	2.071						23	0.456	0.191						23	1.773	0.715						23	3.455	1.143						23	0.903	0.638													0		#N/A						23	24.300	19.675																																
	02.10.1986	31	5.818	3.002						31	0.390	0.243						31	1.523	0.741						31	3.379	1.663						31	0.673	0.492													0		#N/A						31	9.052	13.326																																
	02.11.1986	29	9.107	5.895						29	0.268	0.260						29	1.550	0.737						29	5.164	3.248						29	0.250	0.279													0		#N/A						29	2.215	2.444																																
	02.12.1986	31	6.516	1.951						31	0.523	0.487						31	1.429	0.474						31	3.761	1.054						31	0.482	0.366													0		#N/A						31	7.230	10.156																																
	01.01.1987	31	6.265	2.344						31	0.637	0.547						31	1.472	0.617						31	3.475	1.302						31	0.597	0.389													0		#N/A						31	7.282	12.907																																
	01.02.1987	27	7.869	3.553						27	0.778	0.487						27	1.812	0.713						27	4.313	1.876						27	0.726	0.333													0		#N/A						27	6.332	8.821																																
	02.03.1987	30	9.450	4.518						30	0.541	0.224						30	1.795	0.650						30	5.125	2.439						30	0.505	0.433													0		#N/A						30	5.809	7.766																																
	02.04.1987	30	9.663	3.409						30	0.923	0.402						30	2.493	0.723						30	5.328	1.784						30	1.153	0.540													0		#N/A						30	45.134	50.900																																
	02.05.1987	31	9.624	5.799						31	0.523	0.317						31	1.982	0.962						31	5.195	3.195						31	0.675	0.593													0		#N/A						31	23.257	31.278																																
	02.06.1987	27	9.995	4.362						27	0.690	0.251						27	2.447	0.876						27	5.573	2.285						27	1.044	0.640													0		#N/A						27	33.731	20.384																																
	02.07.1987	27	9.961	4.711						27	0.596	0.225						27	2.469	0.913						27	5.629	2.524						27	1.052	0.515													0		#N/A						27	23.583	17.836																																
	02.08.1987	31	7.361	2.842						31	0.524	0.249						31	2.091	0.619						31	4.194	1.571						31	1.035	0.456													0		#N/A						31	20.356	14.761																																
	02.09.1987	9	5.824	2.717						9	0.440	0.196						9	1.593	0.663						9	3.265	1.455						9	0.771	0.418													0		#N/A						9	13.727	9.161																																
	02.10.1987	#N/A		#N/A						#N/A		#N/A						#N/A		#N/A						#N/A		#N/A						#N/A		#N/A													0		#N/A						#N/A		#N/A																																
	02.11.1987	24	6.941	5.081						24	0.405	0.247						24	1.327	0.719						24	4.031	3.027						24	0.312	0.222													0		#N/A						24	3.433	4.229																																
	02.12.1987	29	6.420	2.304						29	0.645	1.130						29	1.421	0.593						29	3.601	1.225						29	0.515	0.388													0		#N/A						29	3.704	6.645																																
	01.01.1988	30	7.179	3.868	6.420	4.231	8.685	6.509	1.529	30	0.179	0.092	0.162	0.113	0.201	0.163	1.536	30	1.316	0.565	1.236	0.853	1.571	1.227	1.438	30	4.186	2.196	3.877	2.510	5.023	3.815	1.510	30	0.262	0.182	0.231	0.168	0.331	0.226	1.729	30	1.708	0.068	1.706	1.675	1.763	1.041	0		#DIV/0!	#NOMBRE!	#NOMBRE!	#NOMBRE!	#DIV/0!	#DIV/0!	30	1.671	2.399	0.637	0.261	2.627	0.762	3.596	0		#DIV/0!	#NOMBRE!	#NOMBRE!	#NOMBRE!	#DIV/0!	#DIV/0!																			
	01.02.1988	31	6.423	1.967	6.308	4.614	8.322	6.108	1.401	31	0.225	0.121	0.184	0.133	0.318	0.199	1.626	31	1.278	0.329	1.280	0.965	1.599	1.234	1.323	31	3.645	1.092	3.550	2.723	4.706	3.475	1.389	31	0.361	0.172	0.320	0.212	0.487	0.320	1.682	31	1.759	0.051	1.762	1.711	1.810	1.029	0		#DIV/0!	#NOMBRE!	#NOMBRE!	#NOMBRE!	#DIV/0!	#DIV/0!	31	2.187	3.717	0.573	0.282	4.236	0.815	4.116	0		#DIV/0!	#NOMBRE!	#NOMBRE!	#NOMBRE!	#DIV/0!	#DIV/0!																			
	01.03.1988	31	5.875	3.115	5.965	3.305	7.870	5.284	1.571	31	0.365	0.228	0.311	0.165	0.519	0.303	1.866	31	1.407	0.524	1.382	0.809	1.935	1.313	1.467	31	3.358	1.676	3.322	1.942	4.416	3.052	1.535	31	0.562	0.257	0.540	0.283	0.837	0.501	1.666	31	1.732	0.063	1.717	1.688	1.793	1.037	0		#DIV/0!	#NOMBRE!	#NOMBRE!	#NOMBRE!	#DIV/0!	#DIV/0!	31	4.227	5.640	0.973	0.239	11.806	1.341	5.448	0		#DIV/0!	#NOMBRE!	#NOMBRE!	#NOMBRE!	#DIV/0!	#DIV/0!																			
	01.04.1988	30	4.712	1.330	4.540	3.506	5.991	4.538	1.321	30	0.627	0.262	0.604	0.365	0.950	0.574	1.551	30	1.520	0.322	1.502	1.169	1.828	1.484	1.255	30	2.735	0.718	2.633	2.080	3.396	2.647	1.297	30	0.831	0.236	0.795	0.619	1.087	0.797	1.350	30	1.715	0.059	1.716	1.668	1.770	1.035	0		#DIV/0!	#NOMBRE!	#NOMBRE!	#NOMBRE!	#DIV/0!	#DIV/0!	30	11.787	9.485	11.538	1.674	17.640	7.003	3.703	0		#DIV/0!	#NOMBRE!	#NOMBRE!	#NOMBRE!	#DIV/0!	#DIV/0!																			
	01.05.1988	31	6.737	2.361	6.336	4.740	8.308	6.399	1.372	31	0.627	0.264	0.560	0.384	0.952	0.578	1.503	31	1.808	0.464	1.783	1.238	2.250	1.749	1.302	31	3.928	1.359	3.725	2.746	4.819	3.737	1.366	31	0.819	0.235	0.825	0.560	1.033	0.786	1.346	31	1.713	0.035	1.705	1.684	1.748	1.021	0		#DIV/0!	#NOMBRE!	#NOMBRE!	#NOMBRE!	#DIV/0!	#DIV/0!	31	11.344	9.879	7.172	3.890	17.371	7.368	2.971	0		#DIV/0!	#NOMBRE!	#NOMBRE!	#NOMBRE!	#DIV/0!	#DIV/0!																			
	01.06.1988	30	5.726	1.922	5.870	3.757	7.079	5.435	1.389	30	0.411	0.163	0.407	0.268	0.546	0.382	1.479	30	1.663	0.485	1.687	1.140	2.064	1.594	1.350	30	3.442	1.145	3.496	2.286	4.159	3.268	1.389	30	0.797	0.371	0.720	0.458	1.148	0.718	1.605	30	1.664	0.055	1.672	1.634	1.704	1.035	0		#DIV/0!	#NOMBRE!	#NOMBRE!	#NOMBRE!	#DIV/0!	#DIV/0!	30	14.201	12.236	13.575	0.914	23.691	7.291	4.506	0		#DIV/0!	#NOMBRE!	#NOMBRE!	#NOMBRE!	#DIV/0!	#DIV/0!																			
	01.07.1988	30	5.969	3.173	5.277	4.023	7.207	5.513	1.442	30	0.374	0.165	0.390	0.226	0.518	0.337	1.636	30	1.531	0.498	1.393	1.002	1.969	1.455	1.387	30	3.505	1.836	3.183	2.456	4.123	3.248	1.431	30	0.649	0.351	0.629	0.336	1.044	0.601	1.689	30	1.698	0.050	1.705	1.653	1.742	1.030	0		#DIV/0!	#NOMBRE!	#NOMBRE!	#NOMBRE!	#DIV/0!	#DIV/0!	30	17.052	10.701	13.950	6.551	30.113	12.609	2.577	0		#DIV/0!	#NOMBRE!	#NOMBRE!	#NOMBRE!	#DIV/0!	#DIV/0!																			
	01.08.1988	16	5.770	1.600	5.579	4.410	7.510	5.560	1.330	16	0.463	0.215	0.460	0.316	0.602	0.403	1.838	16	1.715	0.543	1.594	1.269	2.214	1.635	1.383	16	3.424	0.952	3.278	2.637	4.206	3.299	1.330	16	0.853	0.450	0.869	0.478	1.210	0.706	2.103	16	1.686	0.062	1.681	1.630	1.737	1.037	9	0.0265	0.0079	0.0270	0.0193	0.0327	0.0255	1.347	16	9.732	7.213	7.450	4.110	16.460	6.950	2.695	15	0.1682	0.0996	0.1624	0.0674	0.2608	0.1352	2.121																			
	01.09.1988	23	7.398	3.512	7.567	4.122	9.903	6.731	1.551	23	0.529	0.225	0.474	0.342	0.779	0.488	1.499	23	2.339	0.899	2.105	1.470	3.325	2.173	1.492	23	4.268	1.994	4.137	2.394	5.705	3.898	1.536	23	1.265	0.652	1.222	0.589	1.753	1.106	1.736	23	1.729	0.077	1.730	1.667	1.790	1.046	19	0.0231	0.0123	0.0198	0.0109	0.0362	0.0203	1.672	23	24.309	25.098	18.264	3.785	42.264	13.700	3.346	23	0.1185	0.0863	0.0954	0.0534	0.1656	0.0938	2.086																			
	01.10.1988	29	8.066	4.295	7.232	3.741	11.767	6.991	1.751	29	0.338	0.268	0.237	0.126	0.532	0.263	2.038	29	1.727	0.941	1.583	0.847	2.447	1.506	1.714	29	4.584	2.416	4.124	2.199	6.672	3.995	1.728	29	0.573	0.419	0.453	0.225	0.873	0.459	1.963	29	1.751	0.075	1.736	1.701	1.786	1.043	24	0.0137	0.0052	0.0133	0.0085	0.0179	0.0128	1.474	29	4.324	5.506	1.941	0.312	8.771	1.922	4.112	29	0.1035	0.2296	0.0470	-0.0013	0.1499	0.0509	3.929																			
	01.11.1988	29	7.383	2.581	6.742	5.218	9.046	7.004	1.384	29	0.513	0.528	0.270	0.146	0.852	0.340	2.460	29	1.581	0.724	1.462	1.002	1.882	1.457	1.483	29	4.196	1.470	3.905	3.026	5.038	3.982	1.381	29	0.525	0.434	0.369	0.139	0.893	0.382	2.278	29	1.760	0.056	1.752	1.707	1.805	1.032	27	0.0168	0.0064	0.0171	0.0084	0.0232	0.0153	1.594	29	2.436	3.469	0.352	0.196	5.495	0.764	5.081	29	0.0745	0.1164	0.0092	-0.0034	0.1641	0.0338	7.001																			
	01.12.1988	31	8.450	3.450	7.969	5.198	12.695	7.702	1.581	31	0.265	0.168	0.220	0.130	0.389	0.225	1.777	31	1.542	0.566	1.583	1.025	2.172	1.438	1.475	31	4.844	1.985	4.695	2.996	7.106	4.423	1.569	31	0.323	0.158	0.293	0.194	0.456	0.291	1.587	31	1.742	0.056	1.764	1.685	1.791	1.033	31	0.0164	0.0032	0.0165	0.0133	0.0198	0.0161	1.220	31	0.864	1.285	0.369	0.229	1.269	0.486	2.574	31	0.0226	0.0268	0.0140	0.0002	0.0494	0.0135	4.660																			
	01.01.1989	27	12.697	4.011	12.268	8.826	16.480	12.124	1.363	27	0.651	0.832	0.315	0.203	1.036	0.405	2.472	27	2.369	0.906	1.971	1.637	3.297	2.223	1.428	27	7.337	2.397	7.016	5.128	9.261	6.987	1.374	27	0.522	0.609	0.301	0.186	0.740	0.402	2.167	27	1.736	0.050	1.744	1.701	1.783	1.030	25	0.0150	0.0027	0.0144	0.0124	0.0170	0.0147	1.185	27	7.616	17.401	1.516	0.462	8.519	1.762	5.439	27	0.0748	0.1192	0.0206	0.0057	0.1516	0.0368	3.802																			
	01.02.1989	30	16.797	6.669	14.317	11.111	25.214	15.662	1.454	30	0.429	0.347	0.295	0.196	0.609	0.343	1.895	30	2.948	1.171	2.693	1.968	4.020	2.758	1.438	30	9.456	3.686	8.194	6.324	14.036	8.835	1.446	26	0.518	0.331	0.507	0.213	0.769	0.441	2.092	30	1.773	0.031	1.771	1.741	1.806	1.018	29	0.0165	0.0032	0.0155	0.0140	0.0189	0.0163	1.207	30	13.644	27.364	4.085	0.596	16.004	3.674	5.447	30	0.0127	0.0301	0.0070	-0.0136	0.0420	0.0255	2.369																			
	01.03.1989	31	11.871	3.488	11.563	8.390	14.804	11.368	1.354	31	0.476	0.236	0.395	0.300	0.776	0.425	1.622	31	2.203	0.659	2.231	1.490	2.718	2.109	1.355	31	6.611	1.970	6.117	4.697	8.524	6.319	1.364	31	0.539	0.323	0.497	0.268	0.803	0.455	1.840	31	1.800	0.050	1.809	1.747	1.845	1.028	29	0.0160	0.0036	0.0155	0.0129	0.0186	0.0156	1.261	31	5.586	9.489	1.923	0.537	7.588	2.392	3.718	31	0.0456	0.0481	0.0240	0.0049	0.1003	0.0317	2.973																			
	01.04.1989	30	11.844	3.237	11.832	8.899	14.566	11.438	1.307	30	0.804	0.425	0.800	0.291	1.227	0.674	1.937	30	2.402	0.616	2.340	1.781	3.129	2.323	1.306	30	6.457	1.810	6.526	4.822	7.974	6.228	1.312	30	0.777	0.317	0.734	0.473	1.141	0.715	1.520	30	1.837	0.054	1.848	1.775	1.879	1.030	30	0.0200	0.0054	0.0191	0.0146	0.0254	0.0194	1.302	30	7.919	7.655	5.044	0.578	15.144	3.753	4.373	30	0.1247	0.0853	0.1239	0.0176	0.2406	0.0804	3.307																			
	01.05.1989	31	9.957	2.869	9.392	7.420	12.639	9.599	1.310	31	1.013	0.371	1.018	0.682	1.417	0.939	1.517	31	2.488	0.656	2.387	1.692	3.207	2.401	1.317	31	5.551	1.535	5.324	4.122	6.934	5.366	1.298	31	1.091	0.404	1.172	0.641	1.514	1.006	1.538	31	1.790	0.063	1.767	1.745	1.854	1.035	31	0.0338	0.0067	0.0339	0.0262	0.0419	0.0331	1.229	31	19.806	22.187	12.329	1.553	36.413	8.514	5.275	31	0.1273	0.0673	0.1120	0.0587	0.1986	0.1070	1.913																			
	01.06.1989	30	10.224	3.344	9.326	7.259	14.734	9.748	1.362	30	0.816	0.326	0.713	0.563	1.107	0.755	1.502	30	2.611	0.728	2.391	1.856	3.519	2.516	1.318	30	5.797	1.856	5.266	4.163	8.415	5.535	1.357	30	1.152	0.485	1.021	0.759	1.470	1.070	1.463	30	1.762	0.048	1.768	1.703	1.807	1.028	30	0.0374	0.0122	0.0348	0.0255	0.0500	0.0353	1.425	28	19.365	12.092	19.355	7.860	28.216	15.340	2.269	25	0.1194	0.0708	0.1072	0.0545	0.2035	0.0947	2.201																			
	01.07.1989	29	9.834	2.391	9.649	7.769	12.020	9.541	1.291	29	0.644	0.247	0.660	0.379	0.866	0.588	1.599	29	2.865	1.114	2.718	1.813	3.817	2.680	1.443	29	5.818	1.415	5.794	4.500	7.087	5.645	1.291	29	1.400	1.034	1.023	0.624	2.046	1.116	1.968	29	1.691	0.048	1.683	1.660	1.739	1.029	29	0.0257	0.0081	0.0252	0.0191	0.0316	0.0243	1.432	29	22.163	17.257	19.309	5.025	35.735	14.934	2.896	29	0.1183	0.1192	0.0738	0.0320	0.2193	0.0794	2.827																			
	01.08.1989	30	8.956	5.322	6.892	4.817	16.535	7.763	1.688	30	0.619	0.241	0.587	0.370	0.855	0.571	1.530	30	2.355	1.027	2.056	1.472	3.483	2.167	1.502	30	5.230	3.052	3.980	2.968	9.608	4.565	1.662	30	1.038	0.599	0.819	0.589	1.454	0.899	1.720	30	1.702	0.071	1.713	1.637	1.772	1.043	30	0.0221	0.0074	0.0232	0.0139	0.0300	0.0209	1.438	30	13.264	12.042	7.822	3.073	25.205	8.269	2.899	30	0.0911	0.0674	0.0728	0.0306	0.1647	0.0611	3.076																			
	01.09.1989	25	9.864	4.514	8.947	5.552	14.509	8.812	1.664	25	0.564	0.225	0.495	0.377	0.752	0.532	1.393	25	2.413	0.809	2.188	1.638	3.475	2.283	1.409	25	5.701	2.536	5.365	3.320	8.290	5.118	1.645	25	0.979	0.387	1.017	0.558	1.277	0.904	1.522	25	1.723	0.070	1.733	1.668	1.787	1.043	19	0.0185	0.0070	0.0185	0.0108	0.0258	0.0173	1.473	25	12.670	12.157	7.881	2.203	23.045	7.520	3.322	25	0.1269	0.0816	0.1223	0.0435	0.1535	0.1055	1.881																			
	01.10.1989	28	7.146	4.360	6.509	3.753	9.777	6.174	1.717	28	0.604	0.233	0.494	0.392	0.856	0.564	1.454	28	1.952	0.701	1.955	1.237	2.491	1.841	1.417	28	4.152	2.571	3.726	2.201	5.643	3.596	1.696	28	0.907	0.444	0.769	0.522	1.531	0.813	1.608	28	1.718	0.075	1.726	1.663	1.775	1.045	28	0.0184	0.0055	0.0191	0.0139	0.0223	0.0177	1.339	28	9.870	9.349	6.680	2.520	18.435	6.276	2.857	3	0.1848	0.0287	0.1934	0.1658	0.2034	0.1832	1.176																			
	01.11.1989	29	9.907	3.912	9.323	5.624	13.955	9.185	1.491	29	0.455	0.380	0.321	0.176	0.714	0.350	2.040	29	2.028	0.718	1.786	1.416	2.791	1.911	1.421	29	5.702	2.241	5.283	3.272	8.159	5.299	1.478	29	0.593	0.396	0.417	0.302	0.939	0.501	1.747	29	1.735	0.077	1.734	1.667	1.773	1.044	30	0.0215	0.0047	0.0220	0.0174	0.0247	0.0210	1.259	29	2.605	3.769	0.291	0.071	7.267	0.615	7.068	24	0.0323	0.0466	0.0108	-0.0051	0.0899	0.0223	5.224																			
	01.12.1989	31	11.081	5.414	10.388	5.588	17.763	9.801	1.675	31	0.469	0.367	0.347	0.173	0.708	0.366	2.043	31	2.073	0.752	2.067	1.138	2.904	1.930	1.488	31	6.302	2.948	5.876	3.331	9.790	5.625	1.644	31	0.486	0.178	0.451	0.294	0.666	0.454	1.464	31	1.743	0.052	1.742	1.697	1.794	1.030	31	0.0261	0.0081	0.0242	0.0201	0.0340	0.0249	1.373	31	1.345	3.510	0.075	0.000	1.926	0.342	7.002	31	0.0357	0.0550	0.0180	-0.0048	0.0753	0.0260	3.875																			
	01.01.1990	21	15.634	5.315	15.783	10.060	21.555	14.785	1.412	21	0.338	0.209	0.304	0.184	0.377	0.297	1.642	21	2.646	0.795	2.626	1.833	3.457	2.535	1.352	21	8.785	2.905	8.830	5.822	11.967	8.331	1.400	21	0.435	0.238	0.353	0.310	0.538	0.351	2.436	21	1.775	0.048	1.784	1.730	1.807	1.028	21	0.0157	0.0025	0.0147	0.0133	0.0190	0.0155	1.172	21	2.339	6.340	0.502	0.088	1.078	0.465	4.763	20	0.0178	0.0256	0.0118	-0.0023	0.0349	0.0121	4.874																			
	01.02.1990	29	10.117	3.638	9.575	6.754	13.747	9.509	1.435	29	0.554	0.582	0.299	0.178	1.003	0.380	2.296	29	2.093	0.694	1.871	1.515	2.960	1.981	1.411	29	5.880	2.124	5.456	3.909	8.013	5.527	1.434	29	0.613	0.465	0.413	0.238	1.076	0.434	2.843	29	1.721	0.032	1.722	1.692	1.742	1.019	28	0.0172	0.0041	0.0164	0.0146	0.0207	0.0167	1.272	29	7.834	16.448	0.183	0.038	15.788	0.687	12.942	29	0.0512	0.0671	0.0181	0.0021	0.1364	0.0222	4.954																			
	01.03.1990	31	8.565	2.501	8.275	6.558	9.909	8.228	1.338	31	0.582	0.299	0.531	0.331	0.722	0.525	1.566	31	2.212	0.708	1.986	1.496	3.026	2.104	1.383	31	4.884	1.394	4.650	3.768	5.962	4.702	1.326	31	0.983	0.455	0.951	0.507	1.522	0.882	1.616	31	1.751	0.048	1.756	1.698	1.790	1.028	30	0.0191	0.0059	0.0178	0.0146	0.0217	0.0184	1.300	31	12.932	18.622	6.540	0.610	26.535	5.029	5.708	31	0.0926	0.0506	0.0871	0.0425	0.1379	0.0796	1.786																			
	01.04.1990	30	8.250	4.158	7.211	5.577	10.510	7.493	1.541	30	0.731	0.507	0.529	0.319	1.399	0.594	1.898	30	2.127	0.896	1.926	1.374	2.956	1.975	1.465	30	4.718	2.262	4.123	3.282	6.087	4.316	1.517	30	0.939	0.516	0.810	0.469	1.358	0.816	1.724	30	1.737	0.053	1.740	1.687	1.780	1.031	30	0.0188	0.0047	0.0184	0.0138	0.0237	0.0183	1.290	30	9.267	12.900	2.982	0.322	20.138	2.593	6.924	30	0.1163	0.1007	0.0663	0.0261	0.2344	0.0692	3.208																			
	01.05.1990	25	9.431	3.067	9.006	6.062	12.364	8.942	1.401	25	0.803	0.472	0.721	0.402	1.399	0.665	1.925	25	2.592	1.012	2.501	1.531	3.611	2.405	1.489	25	5.450	1.748	5.317	3.474	7.085	5.180	1.390	25	1.220	0.761	1.025	0.624	1.955	1.010	1.890	25	1.728	0.079	1.723	1.674	1.761	1.046	23	0.0279	0.0074	0.0274	0.0219	0.0360	0.0269	1.337	25	13.478	13.194	11.297	0.416	30.517	5.304	6.628	25	0.2627	0.3374	0.1505	0.0239	0.5058	0.1259	3.773																			
	01.06.1990	30	12.388	3.121	12.272	9.610	15.203	12.014	1.288	30	0.708	0.168	0.730	0.519	0.873	0.687	1.293	30	2.763	0.587	2.722	2.215	3.318	2.705	1.233	30	7.001	1.795	7.119	5.014	8.538	6.785	1.290	30	1.001	0.282	0.973	0.748	1.255	0.962	1.337	30	1.773	0.090	1.778	1.725	1.831	1.054	30	0.0247	0.0047	0.0237	0.0203	0.0292	0.0242	1.218	30	21.356	12.848	18.384	12.300	30.063	17.633	2.026	30	0.1110	0.0575	0.0960	0.0585	0.1571	0.0982	1.659																			
	01.07.1990	30	9.134	3.727	8.897	5.700	12.918	8.343	1.575	30	0.555	0.222	0.531	0.331	0.739	0.505	1.616	30	2.438	1.005	2.504	1.370	3.322	2.218	1.590	30	5.261	2.116	5.109	3.319	7.389	4.810	1.575	30	1.113	0.619	1.004	0.494	1.682	0.946	1.849	30	1.736	0.060	1.747	1.677	1.785	1.035	29	0.0223	0.0072	0.0230	0.0152	0.0295	0.0210	1.455	30	15.383	10.375	11.803	7.435	24.255	11.241	2.647	30	0.1183	0.0876	0.0980	0.0561	0.1946	0.0870	2.512																			
	01.08.1990	30	9.888	7.163	7.661	4.676	14.976	8.199	1.819	30	0.559	0.242	0.522	0.346	0.845	0.498	1.706	30	2.544	1.179	2.192	1.435	3.185	2.337	1.499	30	5.490	3.838	4.230	2.580	8.500	4.587	1.796	29	1.156	0.640	1.054	0.721	1.645	1.076	1.628	30	1.789	0.080	1.794	1.700	1.858	1.046	28	0.0162	0.0065	0.0159	0.0112	0.0220	0.0146	1.680	30	17.089	12.735	14.876	7.381	24.622	12.594	2.451	30	0.1505	0.0818	0.1229	0.0925	0.2258	0.1329	1.666																			
	01.09.1990	29	7.483	5.158	6.525	3.808	10.549	6.360	1.740	29	0.581	0.364	0.568	0.220	0.889	0.474	1.979	29	1.974	1.171	1.641	1.033	2.777	1.734	1.643	29	4.089	2.761	3.582	2.030	5.616	3.458	1.783	29	0.945	0.631	0.710	0.420	1.365	0.781	1.875	29	1.844	0.134	1.827	1.747	1.892	1.072	22	0.0126	0.0042	0.0122	0.0084	0.0167	0.0120	1.393	29	14.951	19.083	6.252	1.515	30.779	6.821	3.804	29	0.1510	0.1489	0.1027	0.0401	0.2299	0.1021	2.477																			
	01.10.1990	24	10.695	5.908	9.129	5.713	15.559	9.311	1.713	24	0.466	0.337	0.383	0.190	0.756	0.361	2.110	24	2.198	1.038	1.860	1.192	3.207	1.966	1.637	24	5.738	3.029	4.923	3.265	8.293	5.056	1.673	24	0.754	0.607	0.592	0.274	1.252	0.569	2.147	24	1.843	0.060	1.851	1.797	1.900	1.034	20	0.0114	0.0080	0.0103	0.0051	0.0163	0.0090	2.130	24	17.567	35.801	3.048	0.682	20.767	3.564	5.555	24	0.1198	0.1468	0.0618	0.0296	0.2089	0.0706	2.707																			
	01.11.1990	30	10.241	3.932	9.119	6.929	13.105	9.612	1.431	30	0.610	0.439	0.512	0.167	1.004	0.450	2.365	30	2.026	0.622	2.005	1.453	2.528	1.933	1.371	30	5.767	2.294	5.261	3.761	7.389	5.399	1.438	30	0.574	0.301	0.580	0.234	0.906	0.481	1.935	30	1.781	0.060	1.779	1.723	1.845	1.034	30	0.0104	0.0037	0.0113	0.0057	0.0140	0.0096	1.576	30	4.626	4.186	3.075	0.470	9.344	2.591	3.457	30	0.0767	0.0669	0.0665	0.0204	0.1344	0.0484	3.036																			
	01.12.1990	31	10.457	7.549	8.346	3.403	18.133	8.087	2.115	31	0.431	0.396	0.266	0.185	0.779	0.323	2.043	31	1.963	1.119	1.844	0.762	2.976	1.651	1.857	31	5.857	4.167	4.814	1.846	10.117	4.527	2.128	30	0.500	0.290	0.361	0.269	0.849	0.434	1.690	31	1.788	0.069	1.786	1.719	1.847	1.039	30	0.0153	0.0062	0.0154	0.0091	0.0202	0.0141	1.536	31	1.249	1.924	0.533	0.265	1.760	0.657	2.792	31	0.0403	0.0605	0.0161	-0.0043	0.1072	0.0429	2.925																			
	01.01.1991	30	14.404	6.014	13.800	8.167	19.137	13.254	1.519	30	0.210	0.095	0.201	0.126	0.263	0.191	1.553	30	2.331	0.913	2.250	1.413	3.050	2.166	1.481	30	8.029	3.312	7.696	4.837	10.795	7.409	1.508	29	0.316	0.194	0.270	0.196	0.443	0.288	1.678	30	1.791	0.091	1.801	1.675	1.888	1.052	30	0.0113	0.0026	0.0113	0.0093	0.0131	0.0110	1.270	30	1.563	1.408	0.937	0.514	3.157	1.051	2.566	30	0.0199	0.0184	0.0210	0.0035	0.0328	0.0157	2.714																			
	01.02.1991	29	11.510	3.553	11.741	8.404	14.625	10.914	1.417	29	0.363	0.268	0.245	0.148	0.609	0.286	2.000	29	2.056	0.639	2.020	1.445	2.610	1.966	1.354	29	6.396	1.979	6.622	4.641	8.163	6.075	1.404	29	0.446	0.244	0.341	0.275	0.703	0.391	1.695	29	1.798	0.071	1.787	1.747	1.842	1.040	30	0.0141	0.0024	0.0139	0.0123	0.0167	0.0139	1.182	28	2.242	3.115	0.729	0.505	4.532	1.140	2.979	29	0.0469	0.0492	0.0241	0.0022	0.1036	0.0201	5.834																			
	01.03.1991	31	11.311	6.600	10.372	6.407	13.277	10.004	1.613	31	0.491	0.258	0.424	0.278	0.663	0.433	1.683	31	2.205	0.912	2.084	1.440	2.671	2.057	1.444	31	6.416	3.581	6.005	3.720	7.368	5.726	1.586	29	0.604	0.335	0.506	0.377	0.814	0.542	1.560	31	1.748	0.056	1.745	1.692	1.799	1.032	31	0.0194	0.0053	0.0188	0.0142	0.0238	0.0187	1.300	31	7.659	15.863	1.755	0.776	9.687	2.643	3.718	31	0.0690	0.0440	0.0662	0.0349	0.1105	0.0570	1.939																			
	01.04.1991	30	9.390	4.185	8.700	6.787	10.855	8.806	1.405	30	0.831	0.436	0.914	0.333	1.251	0.685	2.021	30	2.511	0.922	2.325	1.895	3.128	2.381	1.376	30	5.542	2.262	5.162	3.976	6.410	5.236	1.381	29	1.178	0.785	1.097	0.646	1.380	1.013	1.695	30	1.684	0.084	1.708	1.608	1.739	1.053	30	0.0303	0.0108	0.0275	0.0237	0.0426	0.0281	1.566	30	7.999	8.056	3.357	0.692	17.173	3.358	4.560	30	0.2176	0.1359	0.2107	0.0987	0.3294	0.1766	1.990																			
	01.05.1991	31	8.961	2.646	8.341	7.188	12.245	8.545	1.389	31	0.852	0.476	0.698	0.422	1.288	0.723	1.842	31	2.706	1.347	2.350	1.607	3.798	2.446	1.557	31	5.177	1.431	4.788	4.218	6.956	4.966	1.361	31	1.402	1.101	1.093	0.508	2.292	1.094	2.029	31	1.722	0.054	1.744	1.680	1.769	1.032	31	0.0263	0.0074	0.0265	0.0181	0.0345	0.0252	1.346	31	26.575	40.775	9.768	0.930	58.872	7.570	5.777	31	0.1229	0.0682	0.1192	0.0462	0.2001	0.1018	1.955																			
	01.06.1991	30	10.086	2.099	9.998	8.412	11.521	9.865	1.244	30	0.699	0.218	0.700	0.532	0.888	0.653	1.527	30	2.512	0.599	2.469	2.008	3.169	2.432	1.310	30	5.806	1.193	5.799	4.874	6.529	5.681	1.242	30	1.051	0.371	1.003	0.670	1.459	0.973	1.542	30	1.737	0.033	1.738	1.708	1.760	1.019	30	0.0225	0.0075	0.0239	0.0135	0.0306	0.0210	1.501	30	21.250	14.082	18.484	9.569	33.479	16.333	2.345	30	0.1223	0.0587	0.1112	0.0664	0.1723	0.1076	1.745																			
	01.07.1991	30	9.617	2.784	9.312	7.287	11.521	9.246	1.334	30	0.625	0.240	0.613	0.389	0.887	0.574	1.553	29	2.576	0.878	2.620	1.766	3.239	2.426	1.447	30	5.540	1.661	5.365	4.170	6.697	5.308	1.352	29	1.218	0.592	1.219	0.676	1.665	1.077	1.714	30	1.743	0.060	1.744	1.701	1.779	1.035	27	0.0254	0.0104	0.0261	0.0157	0.0331	0.0230	1.645	30	18.864	11.535	17.384	9.199	29.493	14.622	2.308	30	0.1398	0.0746	0.1300	0.0831	0.1859	0.1244	1.622																			
	01.08.1991	29	6.858	3.123	5.787	4.364	9.856	6.100	1.710	29	0.583	0.225	0.561	0.380	0.834	0.534	1.588	29	2.182	0.795	2.246	1.579	2.994	2.004	1.588	29	3.920	1.901	3.194	2.434	5.833	3.435	1.770	29	1.195	0.560	1.021	0.681	1.855	1.060	1.688	29	1.778	0.099	1.756	1.705	1.858	1.056	23	0.0238	0.0115	0.0254	0.0122	0.0324	0.0202	2.001	29	19.431	18.619	15.979	3.239	32.728	12.298	2.817	29	0.1405	0.0861	0.1260	0.0731	0.1978	0.1190	1.829																			
	01.09.1991	28	9.404	4.904	8.675	5.712	13.102	8.298	1.694	28	0.624	0.189	0.628	0.435	0.815	0.589	1.461	28	2.642	0.899	2.682	1.657	3.690	2.497	1.410	28	5.232	2.576	4.954	3.273	7.161	4.645	1.682	28	1.325	0.554	1.252	0.849	1.930	1.188	1.694	28	1.788	0.074	1.805	1.727	1.853	1.043	22	0.0206	0.0077	0.0219	0.0131	0.0267	0.0186	1.708	28	17.522	10.541	15.670	8.690	31.319	13.101	2.536	28	0.1670	0.0610	0.1675	0.0974	0.2367	0.1553	1.495																			
	01.10.1991	28	5.915	3.331	5.421	3.317	7.784	5.212	1.654	28	0.418	0.205	0.346	0.264	0.709	0.375	1.603	28	1.588	0.844	1.229	0.937	2.603	1.409	1.625	28	3.423	1.909	3.154	1.955	4.418	3.036	1.623	28	0.726	0.474	0.502	0.373	1.282	0.612	1.773	28	1.719	0.101	1.733	1.684	1.776	1.063	23	0.0173	0.0053	0.0174	0.0124	0.0222	0.0164	1.413	28	5.037	7.595	1.084	0.545	14.731	1.833	4.063	28	0.1111	0.0814	0.0936	0.0311	0.2019	0.0883	2.227																			
	01.11.1991	29	9.597	5.215	7.708	4.977	15.478	8.351	1.711	29	0.271	0.166	0.211	0.160	0.509	0.232	1.735	29	1.817	1.013	1.446	0.974	2.648	1.594	1.662	29	5.674	2.962	4.531	2.981	8.982	4.986	1.680	29	0.388	0.469	0.248	0.094	0.596	0.297	2.369	29	1.677	0.076	1.690	1.594	1.762	1.046	25	0.0122	0.0064	0.0097	0.0057	0.0191	0.0107	1.707	29	1.037	0.812	0.821	0.238	1.876	0.702	2.841	29	0.0282	0.0310	0.0150	0.0086	0.0455	0.0194	2.490																			
	01.12.1991	31	7.834	3.280	7.261	4.317	11.337	7.138	1.572	31	0.254	0.111	0.244	0.173	0.318	0.232	1.570	31	1.447	0.522	1.341	0.909	1.994	1.354	1.462	31	4.501	1.812	4.119	2.617	6.374	4.135	1.536	31	0.315	0.129	0.305	0.240	0.374	0.293	1.478	31	1.727	0.051	1.745	1.684	1.771	1.031	31	0.0166	0.0038	0.0168	0.0133	0.0206	0.0161	1.299	31	1.763	5.217	0.352	0.144	0.612	0.415	3.791	31	0.0063	0.0102	0.0047	-0.0045	0.0162	0.0079	2.319																			
	01.01.1992	29	9.918	4.804	8.538	6.889	12.552	9.016	1.544	29	0.471	0.383	0.312	0.200	0.759	0.366	2.000	29	1.860	0.769	1.630	1.342	2.379	1.750	1.397	29	5.688	2.674	5.053	4.007	7.267	5.213	1.510	29	0.428	0.221	0.337	0.255	0.641	0.360	2.050	29	1.731	0.062	1.727	1.671	1.783	1.037	26	0.0166	0.0033	0.0151	0.0136	0.0198	0.0163	1.218	29	1.901	2.501	0.902	0.417	2.769	1.159	2.881	29	0.0539	0.0603	0.0431	0.0029	0.1155	0.0272	4.753																			
	01.02.1992	30	12.499	5.810	13.452	7.382	19.484	10.213	2.219	30	0.254	0.118	0.215	0.168	0.337	0.234	1.505	30	2.081	0.803	2.273	1.251	3.012	1.870	1.698	30	7.044	3.222	7.537	4.094	10.919	5.853	2.119	29	0.339	0.122	0.339	0.229	0.454	0.316	1.490	30	1.748	0.094	1.771	1.718	1.805	1.058	27	0.0152	0.0035	0.0147	0.0124	0.0172	0.0149	1.239	30	1.338	1.278	0.888	0.390	2.047	0.915	2.491	30	0.0246	0.0363	0.0201	0.0025	0.0430	0.0179	3.026																			
	01.03.1992	31	8.659	2.532	8.520	6.034	11.353	8.293	1.355	31	0.453	0.195	0.376	0.288	0.604	0.419	1.477	31	2.050	0.561	1.950	1.533	2.659	1.975	1.326	31	5.168	1.430	5.086	3.774	6.792	4.961	1.350	31	0.749	0.406	0.687	0.375	1.217	0.694	1.653	31	1.679	0.154	1.673	1.611	1.754	1.100	30	0.0190	0.0040	0.0184	0.0152	0.0221	0.0186	1.233	31	5.702	7.462	2.460	0.616	10.692	2.383	4.404	31	0.0734	0.0602	0.0644	0.0202	0.1509	0.0622	2.274																			
	01.04.1992	30	11.435	3.530	10.994	8.805	14.822	10.843	1.417	30	0.794	0.434	0.808	0.265	1.334	0.657	1.961	30	2.683	0.827	2.580	1.969	3.533	2.540	1.428	30	6.919	2.037	6.762	5.467	8.737	6.583	1.405	30	0.942	0.511	0.907	0.401	1.467	0.801	1.829	30	1.649	0.070	1.665	1.574	1.714	1.044	26	0.0220	0.0056	0.0215	0.0179	0.0259	0.0213	1.303	30	11.567	12.927	6.496	0.639	26.945	4.744	4.888	30	0.1523	0.1054	0.1702	0.0285	0.2296	0.1012	2.979																			
	01.05.1992	26	10.585	5.311	9.460	7.869	12.717	9.848	1.421	26	0.715	0.262	0.701	0.464	1.004	0.666	1.494	26	2.456	0.922	2.409	1.944	2.797	2.337	1.361	26	6.129	2.861	5.651	4.458	7.236	5.732	1.411	25	0.882	0.315	0.823	0.632	1.279	0.828	1.444	26	1.719	0.065	1.732	1.659	1.766	1.039	20	0.0192	0.0052	0.0188	0.0152	0.0262	0.0186	1.303	26	19.113	19.694	8.528	2.417	42.722	10.145	3.565	26	0.1447	0.0768	0.1324	0.0793	0.2113	0.1289	1.620																			
	01.06.1992	30	14.377	7.019	12.954	10.444	16.694	13.459	1.390	30	0.754	0.272	0.769	0.501	0.928	0.715	1.386	30	3.248	1.633	2.856	2.316	3.728	3.022	1.414	30	8.459	4.052	7.539	6.054	10.452	7.921	1.393	29	1.026	0.501	0.928	0.554	1.416	0.925	1.584	30	1.701	0.069	1.715	1.663	1.747	1.044	29	0.0291	0.0129	0.0251	0.0194	0.0405	0.0267	1.510	30	32.827	15.133	29.337	20.081	50.758	29.400	1.650	30	0.1479	0.1185	0.1027	0.0651	0.2027	0.1147	2.037																			
	01.07.1992	30	8.938	2.490	9.328	6.162	11.732	8.554	1.371	30	0.632	0.203	0.603	0.437	0.759	0.602	1.379	30	2.319	0.687	2.356	1.723	2.748	2.226	1.338	30	5.103	1.509	5.207	3.421	6.709	4.855	1.401	30	1.034	0.435	0.902	0.733	1.206	0.966	1.436	30	1.764	0.079	1.754	1.695	1.833	1.046	30	0.0262	0.0085	0.0251	0.0180	0.0349	0.0249	1.389	30	18.303	11.713	18.043	6.383	34.290	13.863	2.378	30	0.3834	0.5644	0.1256	0.0783	0.8315	0.1822	3.079																			
	01.08.1992	31	8.238	3.404	7.388	4.991	11.034	7.609	1.503	31	0.587	0.194	0.576	0.423	0.739	0.555	1.421	31	2.281	0.826	2.193	1.323	3.174	2.143	1.434	31	4.683	1.893	4.409	3.008	6.268	4.344	1.484	31	1.102	0.493	1.051	0.630	1.638	0.995	1.605	31	1.753	0.071	1.749	1.687	1.816	1.040	27	0.0201	0.0060	0.0197	0.0158	0.0240	0.0191	1.423	31	12.501	10.451	8.243	3.293	24.274	8.048	2.894	31	0.1378	0.0603	0.1337	0.0750	0.1929	0.1242	1.625																			
	01.09.1992	28	8.126	3.577	7.600	4.662	12.026	7.407	1.557	28	0.494	0.193	0.466	0.291	0.636	0.458	1.496	28	2.079	0.793	1.883	1.310	3.020	1.934	1.482	28	4.534	1.913	4.129	2.681	6.678	4.163	1.530	28	0.938	0.421	0.820	0.525	1.370	0.856	1.542	28	1.781	0.066	1.766	1.726	1.845	1.037	26	0.0145	0.0057	0.0143	0.0084	0.0197	0.0132	1.633	28	12.051	11.925	8.059	3.878	20.874	7.403	3.203	28	0.1132	0.0759	0.0935	0.0591	0.1462	0.0932	2.007																			
	01.10.1992	29	7.222	5.173	7.380	2.739	9.786	5.687	2.073	29	0.591	0.278	0.663	0.245	0.834	0.514	1.779	29	1.860	0.948	1.634	0.893	2.921	1.627	1.715	29	4.162	2.928	4.195	1.704	5.719	3.329	2.006	29	0.812	0.478	0.710	0.295	1.428	0.668	1.968	29	1.714	0.147	1.737	1.587	1.813	1.086	24	0.0147	0.0037	0.0140	0.0124	0.0186	0.0142	1.320	29	15.981	18.544	8.190	0.600	35.143	5.096	7.298	29	0.1196	0.0725	0.1064	0.0502	0.1848	0.0834	3.387																			
	01.11.1992	24	11.188	9.045	8.538	6.281	14.614	9.254	1.820	24	0.526	0.536	0.339	0.190	0.852	0.375	2.174	24	2.210	1.312	1.858	1.261	2.851	1.961	1.602	24	6.419	4.665	5.012	3.626	8.373	5.431	1.764	23	0.588	0.487	0.453	0.258	0.881	0.449	2.102	24	1.706	0.082	1.718	1.618	1.764	1.049	20	0.0157	0.0074	0.0134	0.0099	0.0256	0.0142	1.571	24	8.170	14.025	1.599	0.380	15.606	2.125	5.865	24	0.0488	0.0604	0.0295	0.0035	0.0925	0.0341	3.178																			
	01.12.1992	29	14.518	6.729	13.258	7.821	20.414	13.094	1.597	29	0.623	0.396	0.518	0.188	1.027	0.501	2.025	29	2.651	1.123	2.474	1.756	3.214	2.479	1.431	29	8.352	3.749	7.648	4.432	11.863	7.561	1.587	29	0.549	0.482	0.499	0.210	0.738	0.434	2.284	29	1.733	0.076	1.731	1.664	1.773	1.044	24	0.0128	0.0049	0.0121	0.0095	0.0154	0.0120	1.468	29	3.889	4.758	1.683	0.401	9.036	1.734	3.925	29	0.0687	0.0683	0.0534	0.0072	0.1256	0.0439	4.794																			
	01.01.1993	29	14.934	10.604	12.774	10.296	18.130	13.032	1.645	29	0.310	0.287	0.224	0.150	0.446	0.246	1.881	29	2.661	2.140	2.285	1.796	3.026	2.318	1.593	29	8.607	5.822	7.426	5.951	10.301	7.541	1.644	28	0.359	0.287	0.289	0.201	0.573	0.325	1.886	29	1.730	0.075	1.728	1.671	1.809	1.045	29	0.0102	0.0037	0.0101	0.0070	0.0129	0.0095	1.519	29	6.278	8.693	0.881	0.382	13.300	1.702	6.423	29	0.0197	0.0481	0.0092	-0.0028	0.0225	0.0076	7.999																			
	01.02.1993	27	8.710	4.301	7.612	4.632	12.558	7.759	1.638	27	0.530	0.427	0.322	0.222	1.107	0.412	1.988	27	1.820	0.755	1.595	1.052	2.776	1.681	1.497	27	4.845	2.257	4.217	2.646	7.021	4.358	1.606	27	0.600	0.288	0.458	0.393	0.945	0.545	1.543	27	1.782	0.078	1.780	1.711	1.847	1.044	24	0.0165	0.0034	0.0165	0.0130	0.0200	0.0162	1.234	27	5.989	10.860	0.829	0.194	15.830	1.328	6.348	27	0.0736	0.0776	0.0358	0.0172	0.1667	0.0447	2.745																			
	01.03.1993	31	11.489	4.725	10.465	7.505	16.066	10.520	1.562	31	0.478	0.313	0.359	0.177	0.847	0.383	2.002	31	2.289	0.685	2.230	1.596	2.822	2.188	1.364	31	6.579	2.675	6.119	4.416	8.922	6.037	1.552	31	0.633	0.360	0.560	0.306	0.969	0.468	3.065	31	1.745	0.085	1.752	1.669	1.816	1.050	31	0.0207	0.0060	0.0199	0.0160	0.0262	0.0200	1.319	31	12.222	21.187	0.693	0.377	29.133	2.019	7.260	31	0.1107	0.0695	0.0853	0.0497	0.1662	0.0918	1.880																			
	01.04.1993	28	12.453	7.602	10.820	8.191	14.823	11.169	1.536	28	0.927	0.587	0.733	0.442	1.466	0.772	1.854	28	2.765	1.257	2.342	1.755	3.834	2.539	1.507	28	7.287	4.395	6.537	4.802	8.717	6.555	1.528	27	0.954	0.546	0.686	0.435	1.595	0.818	1.757	28	1.705	0.052	1.704	1.659	1.743	1.031	24	0.0225	0.0049	0.0222	0.0191	0.0273	0.0219	1.253	28	18.366	24.860	5.482	1.002	52.210	6.019	5.457	28	0.1899	0.1352	0.1657	0.0798	0.2951	0.1492	2.075																			
	01.05.1993	21	12.820	7.024	11.011	8.170	18.742	11.489	1.571	21	0.878	0.563	0.845	0.364	1.489	0.711	1.980	21	2.630	0.927	2.316	2.030	3.281	2.492	1.394	21	7.106	3.657	6.120	4.452	10.333	6.427	1.548	21	0.841	0.355	0.915	0.556	1.159	0.620	3.887	21	1.789	0.068	1.792	1.727	1.857	1.039	15	0.0199	0.0070	0.0203	0.0134	0.0235	0.0188	1.413	21	31.233	29.085	19.961	2.392	63.710	13.113	6.715	21	0.1832	0.1033	0.1698	0.0930	0.2569	0.1573	1.801																			
	01.06.1993	29	13.659	4.603	11.773	9.868	17.889	13.022	1.357	29	0.757	0.221	0.703	0.584	0.931	0.730	1.313	29	2.936	0.792	2.775	2.094	3.642	2.841	1.294	29	7.928	2.502	6.834	5.882	10.349	7.602	1.332	29	0.941	0.405	0.820	0.623	1.356	0.857	1.577	29	1.715	0.073	1.711	1.661	1.769	1.043	28	0.0259	0.0058	0.0267	0.0189	0.0315	0.0252	1.278	29	23.368	15.370	20.617	9.304	37.553	18.192	2.178	29	0.1724	0.1916	0.1158	0.0744	0.2167	0.1230	2.375																			
	01.07.1993	30	11.063	5.653	9.414	7.208	13.915	10.056	1.522	30	0.610	0.187	0.628	0.417	0.752	0.580	1.399	30	2.689	1.023	2.455	1.766	3.453	2.526	1.424	30	6.203	3.140	5.340	3.880	8.029	5.626	1.537	30	1.128	0.413	0.998	0.750	1.460	1.063	1.411	30	1.788	0.062	1.781	1.735	1.844	1.035	30	0.0205	0.0068	0.0191	0.0139	0.0287	0.0194	1.418	30	27.261	15.693	26.017	11.991	42.880	22.173	2.069	30	0.1176	0.0585	0.1075	0.0687	0.1767	0.1041	1.679																			
	01.08.1993	30	8.525	4.266	8.380	4.192	11.532	7.264	1.896	30	0.503	0.178	0.512	0.304	0.651	0.471	1.460	30	2.124	0.841	2.120	1.147	2.896	1.941	1.579	30	4.810	2.383	4.800	2.294	6.541	4.109	1.886	30	0.913	0.480	0.836	0.433	1.431	0.800	1.691	30	1.769	0.060	1.777	1.705	1.828	1.035	29	0.0195	0.0079	0.0174	0.0116	0.0275	0.0179	1.527	30	13.939	9.973	12.491	4.353	27.086	10.216	2.421	30	0.1060	0.0543	0.0926	0.0594	0.1554	0.0930	1.712																			
	01.09.1993	20	8.104	3.254	9.059	4.332	11.050	7.379	1.600	20	0.517	0.270	0.463	0.298	0.774	0.457	1.664	20	1.871	0.668	1.913	1.036	2.571	1.742	1.501	20	4.706	1.888	5.298	2.448	6.654	4.289	1.595	20	0.687	0.322	0.707	0.359	1.001	0.606	1.717	20	1.721	0.049	1.720	1.669	1.772	1.029	17	0.0192	0.0082	0.0180	0.0103	0.0263	0.0176	1.529	20	13.506	14.227	6.510	3.053	20.116	7.620	3.434	20	0.1136	0.0765	0.0887	0.0550	0.1712	0.0947	1.832																			
	01.10.1993	27	8.965	4.183	7.278	5.954	13.076	8.161	1.547	27	0.418	0.217	0.383	0.245	0.527	0.369	1.690	27	1.870	0.784	1.716	1.235	2.665	1.732	1.484	27	5.241	2.382	4.256	3.710	7.253	4.799	1.525	27	0.551	0.340	0.437	0.306	0.813	0.467	1.804	27	1.702	0.058	1.706	1.658	1.743	1.035	24	0.0170	0.0066	0.0157	0.0107	0.0232	0.0158	1.490	27	8.116	9.871	4.108	0.738	15.121	3.590	4.329	27	0.0983	0.0854	0.0721	0.0363	0.1420	0.0772	1.947																			
	01.11.1993	28	10.076	4.981	9.165	6.607	12.446	9.287	1.477	28	0.243	0.093	0.222	0.151	0.333	0.227	1.452	28	1.779	0.696	1.677	1.353	2.162	1.687	1.369	28	5.884	2.742	5.565	4.048	7.183	5.464	1.452	28	0.298	0.089	0.300	0.211	0.378	0.286	1.350	28	1.701	0.052	1.717	1.637	1.750	1.031	28	0.0154	0.0038	0.0149	0.0117	0.0183	0.0150	1.263	28	0.527	0.327	0.465	0.291	0.632	0.461	1.642	28	0.0409	0.0185	0.0356	0.0237	0.0656	0.0372	1.552																			
	01.12.1993	31	10.444	3.782	10.691	6.496	13.386	9.740	1.483	31	0.605	0.834	0.254	0.175	0.969	0.355	2.516	31	2.058	0.848	1.952	1.253	2.756	1.896	1.520	31	6.108	2.274	6.304	3.572	8.370	5.669	1.503	31	0.521	0.432	0.379	0.217	0.718	0.409	1.958	31	1.721	0.089	1.732	1.625	1.815	1.054	31	0.0159	0.0053	0.0151	0.0121	0.0195	0.0151	1.394	31	4.667	6.527	1.794	0.386	9.509	1.846	4.189	31	0.0815	0.1070	0.0443	0.0306	0.0994	0.0527	2.257																			
	01.01.1994	30	13.268	3.054	13.809	10.798	15.598	12.882	1.295	30	0.315	0.228	0.234	0.163	0.533	0.264	1.744	30	2.226	0.425	2.246	1.833	2.517	2.182	1.235	30	7.383	1.724	7.655	6.088	8.484	7.158	1.305	30	0.368	0.190	0.300	0.230	0.604	0.327	1.639	30	1.801	0.057	1.787	1.745	1.862	1.032	30	0.0123	0.0021	0.0117	0.0106	0.0145	0.0122	1.171	30	3.239	5.016	0.899	0.446	5.562	1.285	3.977	30	0.0519	0.0249	0.0465	0.0321	0.0697	0.0473	1.529																			
	01.02.1994	30	16.129	6.478	15.503	11.317	18.778	15.315	1.353	30	0.609	0.417	0.563	0.223	0.991	0.487	2.000	30	2.835	1.069	2.664	2.261	3.118	2.716	1.311	30	9.018	3.495	8.515	6.315	10.500	8.593	1.338	29	0.528	0.276	0.512	0.266	0.785	0.448	1.880	30	1.783	0.044	1.789	1.741	1.823	1.025	30	0.0167	0.0053	0.0162	0.0122	0.0202	0.0159	1.365	30	9.175	10.497	6.386	0.545	15.830	3.870	4.652	30	0.1040	0.0721	0.0754	0.0365	0.1822	0.0810	2.091																			
	01.03.1994	31	9.516	4.527	7.833	6.060	13.294	8.572	1.601	31	0.597	0.379	0.488	0.257	0.989	0.497	1.862	31	2.128	0.863	1.902	1.322	2.913	1.971	1.487	31	5.361	2.474	4.491	3.513	7.585	4.865	1.569	31	0.779	0.403	0.727	0.436	1.104	0.689	1.667	31	1.763	0.064	1.766	1.711	1.823	1.038	31	0.0201	0.0044	0.0193	0.0158	0.0250	0.0197	1.248	31	6.923	9.444	2.184	0.671	14.077	2.759	5.046	31	0.1256	0.0776	0.1219	0.0558	0.1916	0.1060	1.820																			
	01.04.1994	30	11.126	3.034	11.078	7.840	14.052	10.674	1.357	30	0.754	0.471	0.550	0.405	1.323	0.629	1.841	30	2.709	1.133	2.305	1.717	3.426	2.532	1.430	30	6.105	1.700	6.194	4.382	7.773	5.846	1.366	30	1.173	0.930	0.836	0.545	1.751	0.993	1.841	30	1.827	0.066	1.836	1.772	1.883	1.037	28	0.0217	0.0069	0.0207	0.0150	0.0290	0.0206	1.419	30	28.775	49.591	4.990	2.013	51.100	7.498	5.968	30	0.1259	0.0742	0.1046	0.0653	0.1834	0.1094	1.688																			
	01.05.1994	31	13.557	4.175	12.955	10.426	16.247	13.041	1.318	31	0.766	0.340	0.672	0.444	1.184	0.696	1.568	31	2.720	0.833	2.559	1.964	3.296	2.608	1.337	31	7.620	2.242	7.268	5.801	9.098	7.353	1.303	31	0.802	0.423	0.765	0.403	1.120	0.753	1.586	31	1.774	0.046	1.780	1.724	1.818	1.027	31	0.0198	0.0047	0.0192	0.0148	0.0256	0.0193	1.270	31	17.184	12.667	13.155	4.284	25.210	11.754	2.845	31	0.1323	0.0626	0.1309	0.0765	0.1860	0.1178	1.667																			
	01.06.1994	30	11.661	4.166	11.680	8.048	13.851	11.022	1.406	30	0.595	0.158	0.581	0.450	0.759	0.571	1.359	30	2.482	0.735	2.530	1.728	3.148	2.370	1.374	30	6.538	2.240	6.634	4.575	7.990	6.209	1.384	30	0.837	0.422	0.792	0.457	1.180	0.787	1.563	30	1.777	0.077	1.762	1.698	1.853	1.044	30	0.0239	0.0096	0.0225	0.0160	0.0332	0.0222	1.466	30	21.837	10.648	20.753	11.226	33.334	18.841	1.818	30	0.1092	0.0608	0.0979	0.0635	0.1278	0.0983	1.554																			
	01.07.1994	30	11.611	3.068	11.539	8.856	13.730	11.241	1.297	30	0.626	0.198	0.643	0.438	0.816	0.593	1.419	30	2.955	1.006	2.774	2.023	4.041	2.813	1.365	30	6.720	1.663	6.759	5.214	7.757	6.532	1.276	30	1.264	0.857	0.952	0.697	2.072	1.030	1.996	30	1.722	0.055	1.719	1.670	1.771	1.032	30	0.0260	0.0091	0.0237	0.0186	0.0355	0.0245	1.422	30	19.437	11.534	14.359	9.693	32.513	16.541	1.781	30	0.1396	0.0584	0.1145	0.0919	0.1975	0.1295	1.474																			
	01.08.1994	31	8.431	4.190	7.497	5.032	10.925	7.715	1.502	31	0.505	0.227	0.483	0.270	0.728	0.453	1.641	31	2.163	0.858	1.931	1.320	3.071	2.003	1.499	31	5.048	2.316	4.652	3.037	6.454	4.659	1.478	31	0.893	0.534	0.731	0.473	1.482	0.749	1.888	31	1.657	0.059	1.652	1.608	1.696	1.036	30	0.0221	0.0094	0.0216	0.0124	0.0291	0.0201	1.594	31	13.669	12.142	10.103	3.709	24.845	8.945	2.818	31	0.1308	0.0461	0.1334	0.0896	0.1727	0.1226	1.454																			
	01.09.1994	30	10.092	7.119	9.005	5.261	12.609	8.130	2.028	30	0.567	0.241	0.579	0.318	0.792	0.502	1.741	30	2.401	1.271	2.301	1.153	3.202	2.127	1.658	30	5.970	4.135	5.430	3.074	7.498	4.831	2.010	29	0.867	0.524	0.784	0.405	1.180	0.730	1.857	30	1.684	0.064	1.694	1.632	1.738	1.039	30	0.0172	0.0079	0.0165	0.0080	0.0262	0.0152	1.719	30	14.096	12.718	11.504	3.573	23.289	9.441	2.725	30	0.1138	0.0471	0.1098	0.0664	0.1571	0.1048	1.517																			
	01.10.1994	31	8.616	5.412	7.119	4.242	13.901	7.156	1.881	31	0.590	0.629	0.328	0.206	0.957	0.409	2.236	31	1.781	0.969	1.453	1.061	2.787	1.581	1.614	31	5.131	3.127	4.144	2.619	8.316	4.325	1.823	31	0.490	0.339	0.391	0.143	0.875	0.372	2.304	31	1.657	0.095	1.664	1.599	1.724	1.060	26	0.0173	0.0135	0.0145	0.0092	0.0225	0.0139	1.957	31	2.265	3.137	0.962	0.547	3.366	1.220	2.830	31	0.1199	0.1372	0.0737	0.0393	0.1685	0.0805	2.331																			
	01.11.1994	29	10.568	5.135	9.855	5.459	16.226	9.279	1.731	29	0.945	1.109	0.519	0.203	1.554	0.605	2.583	29	2.274	1.110	2.332	1.285	2.941	2.051	1.586	29	6.344	2.997	6.070	3.314	9.679	5.626	1.686	29	0.677	0.611	0.503	0.243	1.164	0.590	1.980	29	1.651	0.069	1.665	1.592	1.709	1.044	25	0.0155	0.0067	0.0146	0.0114	0.0179	0.0144	1.466	29	6.679	9.883	0.956	0.329	13.416	1.786	6.652	29	0.1542	0.1827	0.1154	0.0373	0.2258	0.0997	2.559																			
	01.12.1994	31	13.324	7.538	11.060	6.382	20.131	11.352	1.825	31	0.623	0.610	0.342	0.204	1.268	0.432	2.286	31	2.414	1.151	2.093	1.266	3.562	2.141	1.670	31	7.705	4.242	6.491	3.710	12.134	6.599	1.807	31	0.475	0.388	0.391	0.187	0.898	0.397	2.105	31	1.722	0.082	1.712	1.662	1.772	1.047	28	0.0137	0.0037	0.0133	0.0114	0.0165	0.0132	1.319	31	5.562	6.378	2.685	0.506	11.319	2.683	4.086	31	0.1385	0.1571	0.0853	0.0280	0.2702	0.0819	2.805																			
	01.01.1995	30	11.725	8.419	9.724	6.016	15.046	9.921	1.726	30	0.652	0.585	0.413	0.226	0.956	0.485	2.106	30	2.280	1.320	1.946	1.236	3.004	2.007	1.643	30	6.674	4.722	5.462	3.415	8.300	5.671	1.715	28	0.580	0.359	0.543	0.293	0.812	0.480	1.936	30	1.750	0.050	1.750	1.705	1.791	1.029	28	0.0153	0.0028	0.0157	0.0124	0.0180	0.0151	1.212	30	4.589	5.128	3.053	0.696	8.704	2.353	3.775	30	0.1519	0.1407	0.0961	0.0623	0.2050	0.1134	2.083																			
	01.02.1995	30	12.764	4.384	12.139	8.388	17.963	11.990	1.448	30	0.678	0.402	0.535	0.321	0.907	0.586	1.715	30	2.414	0.735	2.359	1.657	3.226	2.301	1.378	30	7.236	2.387	6.925	4.998	9.848	6.828	1.429	30	0.592	0.272	0.541	0.345	0.804	0.539	1.556	30	1.757	0.057	1.762	1.729	1.799	1.034	30	0.0146	0.0028	0.0139	0.0123	0.0171	0.0143	1.198	30	8.043	9.278	4.780	1.050	13.284	4.068	3.617	30	0.1101	0.0812	0.0822	0.0415	0.1905	0.0885	1.930																			
	01.03.1995	31	9.982	5.790	7.994	4.894	14.384	8.586	1.748	31	0.391	0.292	0.279	0.170	0.666	0.320	1.840	31	1.887	0.893	1.637	1.106	2.802	1.701	1.590	31	5.719	3.139	4.607	3.156	8.352	4.997	1.696	31	0.447	0.251	0.357	0.258	0.646	0.385	1.766	31	1.721	0.100	1.744	1.662	1.808	1.063	28	0.0150	0.0040	0.0137	0.0111	0.0185	0.0145	1.286	31	1.964	4.539	0.573	0.255	1.695	0.765	3.319	31	0.1009	0.0993	0.0600	0.0274	0.1793	0.0680	2.405																			
	01.04.1995	30	9.906	7.720	7.858	3.409	15.222	7.562	2.137	30	0.536	0.254	0.467	0.325	0.719	0.488	1.540	30	2.554	1.483	2.100	1.194	4.332	2.187	1.763	30	5.860	4.377	4.786	2.323	8.928	4.606	2.040	28	1.102	0.999	0.771	0.529	1.326	0.880	1.825	30	1.647	0.131	1.668	1.527	1.775	1.087	30	0.0246	0.0070	0.0242	0.0184	0.0323	0.0237	1.343	30	2.654	3.170	0.797	0.324	5.942	1.307	3.779	30	0.1548	0.1383	0.1086	0.0676	0.2317	0.1171	2.067																			
	01.05.1995	31	8.826	3.775	8.423	5.451	11.402	8.127	1.514	31	0.987	0.386	0.949	0.542	1.384	0.916	1.485	31	2.753	1.267	2.682	1.604	3.356	2.521	1.521	31	5.051	1.921	4.907	3.242	6.462	4.737	1.437	31	1.482	1.019	1.094	0.744	2.223	1.248	1.765	31	1.720	0.119	1.747	1.631	1.823	1.076	31	0.0293	0.0092	0.0272	0.0223	0.0364	0.0282	1.311	31	9.579	9.399	8.311	1.178	14.033	5.108	3.932	31	0.2867	0.2101	0.2305	0.1013	0.4436	0.2228	2.089																			
	01.06.1995	30	11.862	5.351	10.632	7.284	16.995	10.778	1.568	30	0.860	0.213	0.852	0.688	1.071	0.833	1.305	30	2.778	0.752	2.835	2.022	3.693	2.675	1.330	30	6.489	2.737	5.832	4.069	9.152	5.965	1.524	30	1.145	0.384	1.089	0.824	1.514	1.060	1.582	30	1.808	0.064	1.805	1.737	1.886	1.036	30	0.0298	0.0067	0.0307	0.0233	0.0342	0.0290	1.281	30	20.989	22.377	12.398	4.278	39.414	11.530	3.779	30	0.1559	0.0821	0.1396	0.0821	0.2282	0.1347	1.768																			
	01.07.1995	30	10.423	6.577	8.714	6.186	13.194	9.270	1.570	30	0.580	0.203	0.569	0.375	0.824	0.537	1.541	30	2.340	1.035	2.159	1.636	2.749	2.200	1.390	30	5.726	3.358	4.794	3.639	7.163	5.169	1.524	29	0.867	0.285	0.793	0.611	1.177	0.824	1.385	30	1.795	0.085	1.801	1.712	1.862	1.048	27	0.0251	0.0128	0.0217	0.0160	0.0293	0.0228	1.534	30	12.094	8.427	9.908	4.900	21.276	9.097	2.360	30	0.1152	0.0721	0.0985	0.0526	0.1604	0.0984	1.767																			
	01.08.1995	23	9.593	6.854	7.160	4.677	12.959	8.139	1.726	22	0.557	0.226	0.517	0.333	0.791	0.511	1.551	23	2.541	1.347	2.319	1.436	3.188	2.286	1.574	23	5.405	3.735	3.978	2.697	7.209	4.624	1.705	22	1.131	0.532	1.034	0.583	1.616	1.010	1.653	23	1.761	0.047	1.773	1.690	1.802	1.028	21	0.0217	0.0159	0.0169	0.0103	0.0286	0.0180	1.817	23	12.774	9.219	11.202	5.266	18.028	9.951	2.161	23	0.1448	0.0854	0.1399	0.0629	0.2468	0.1198	1.941																			
	01.09.1995	26	9.426	5.357	8.217	4.881	12.647	8.175	1.730	26	0.587	0.351	0.482	0.280	0.823	0.499	1.798	26	2.128	0.966	2.067	1.216	2.878	1.925	1.596	26	5.154	2.842	4.575	2.718	6.726	4.512	1.697	26	0.831	0.399	0.816	0.368	1.168	0.714	1.872	26	1.814	0.080	1.844	1.731	1.879	1.046	22	0.0168	0.0070	0.0151	0.0108	0.0260	0.0155	1.509	26	15.214	16.773	8.501	1.004	27.061	5.869	5.291	26	0.1791	0.1699	0.1263	0.0653	0.3603	0.1266	2.291																			
	01.10.1995	27	8.855	4.671	7.626	4.531	15.201	7.602	1.798	27	0.605	0.332	0.569	0.311	0.814	0.514	1.863	27	1.868	0.845	1.792	0.999	3.024	1.687	1.593	27	4.937	2.524	4.295	2.510	8.126	4.289	1.752	27	0.625	0.479	0.553	0.182	0.986	0.513	2.136	27	1.775	0.106	1.766	1.693	1.851	1.062	22	0.0147	0.0059	0.0160	0.0095	0.0185	0.0133	1.652	27	8.999	14.028	1.643	0.558	16.540	2.776	5.275	27	0.1623	0.1083	0.1186	0.0973	0.2713	0.1339	1.922																			
	01.11.1995	28	8.146	3.399	8.370	4.698	11.529	7.439	1.561	28	0.652	0.613	0.397	0.208	1.279	0.458	2.267	28	1.712	0.774	1.576	0.912	2.572	1.540	1.614	28	4.306	1.850	4.538	2.425	6.238	3.909	1.586	28	0.628	0.486	0.418	0.317	1.082	0.529	1.942	28	1.905	0.085	1.882	1.836	1.968	1.045	27	0.0141	0.0052	0.0136	0.0101	0.0189	0.0130	1.604	28	7.870	10.419	1.994	0.595	14.618	2.999	4.908	28	0.0985	0.0817	0.0638	0.0425	0.1717	0.0737	2.262																			
	01.12.1995	31	8.252	3.702	8.106	4.850	11.840	7.460	1.606	31	0.295	0.151	0.240	0.170	0.499	0.260	1.663	31	1.436	0.519	1.367	0.935	2.000	1.352	1.423	31	4.486	1.901	4.373	2.747	6.408	4.091	1.575	31	0.307	0.119	0.311	0.208	0.411	0.305	1.382	31	1.825	0.089	1.831	1.717	1.903	1.050	30	0.0149	0.0036	0.0151	0.0112	0.0190	0.0144	1.291	31	0.774	0.737	0.497	0.261	1.662	0.525	2.516	31	0.0697	0.0475	0.0534	0.0384	0.0875	0.0596	1.707																			
	01.01.1996	30	13.625	7.979	12.721	6.603	17.816	11.627	1.823	30	0.496	0.386	0.383	0.183	0.748	0.391	1.981	30	2.265	1.188	2.066	1.222	3.300	2.016	1.628	30	7.812	4.466	7.589	3.765	10.494	6.696	1.807	28	0.288	0.194	0.242	0.141	0.391	0.254	1.786	30	1.738	0.063	1.746	1.661	1.800	1.037	0		#N/A	#N/A	#N/A	#N/A	#N/A	#N/A	30	0.818	0.813	0.627	0.280	1.170	0.585	2.314	30	0.0975	0.0995	0.0674	0.0384	0.1370	0.0731	2.061																			
	01.02.1996	31	13.973	9.340	10.117	6.840	25.363	11.610	1.826	31	0.294	0.134	0.244	0.205	0.365	0.271	1.474	31	2.250	1.164	1.889	1.318	3.683	2.010	1.603	31	7.827	5.065	5.771	3.995	13.499	6.590	1.784	26	0.331	0.211	0.299	0.212	0.379	0.307	1.611	31	1.764	0.096	1.736	1.678	1.865	1.055	0		#N/A	#N/A	#N/A	#N/A	#N/A	#N/A	31	0.831	0.950	0.536	0.292	1.028	0.596	2.301	31	0.0587	0.0528	0.0368	0.0240	0.0948	0.0430	2.199																			
	01.03.1996	31	12.841	5.894	12.012	6.371	18.116	11.606	1.588	31	0.424	0.236	0.346	0.181	0.612	0.364	1.775	31	2.424	0.828	2.531	1.545	3.150	2.272	1.465	31	6.934	3.294	6.604	3.135	10.010	6.179	1.653	31	0.679	0.431	0.492	0.286	1.175	0.576	1.983	31	1.883	0.137	1.850	1.729	2.033	1.076	0		#N/A	#N/A	#N/A	#N/A	#N/A	#N/A	31	1.341	2.960	0.490	0.159	1.067	0.521	3.339	31	0.0922	0.0698	0.0844	0.0197	0.1448	0.0643	2.623																			
	01.04.1996	30	13.393	10.339	10.756	7.071	15.491	11.278	1.735	30	0.655	0.296	0.598	0.358	0.989	0.584	1.670	30	2.598	1.328	2.237	1.617	3.170	2.335	1.600	30	6.989	5.441	5.776	3.691	8.033	5.861	1.752	28	0.876	0.291	0.807	0.641	1.177	0.820	1.488	30	1.926	0.088	1.925	1.865	1.972	1.045	0		#N/A	#N/A	#N/A	#N/A	#N/A	#N/A	30	11.214	16.517	1.632	0.599	33.465	2.750	6.326	30	0.1215	0.0442	0.1091	0.0815	0.1603	0.1144	1.417																			
	01.05.1996	31	12.172	3.691	12.241	8.614	16.236	11.638	1.360	31	0.700	0.273	0.629	0.481	0.970	0.648	1.514	31	2.439	0.564	2.373	1.865	3.015	2.375	1.270	31	6.636	1.886	6.290	4.793	8.898	6.375	1.339	31	0.769	0.370	0.703	0.422	1.111	0.689	1.626	31	1.828	0.090	1.822	1.737	1.904	1.050	0		#N/A	#N/A	#N/A	#N/A	#N/A	#N/A	31	7.674	8.039	5.401	1.112	14.351	4.164	3.401	31	0.1584	0.0770	0.1397	0.0974	0.2080	0.1443	1.522																			
	01.06.1996	30	12.807	4.398	12.150	8.545	16.515	12.101	1.414	30	0.679	0.227	0.657	0.454	0.927	0.643	1.403	30	2.651	0.774	2.645	1.773	3.403	2.538	1.358	30	7.014	2.188	6.948	4.846	8.835	6.678	1.385	30	0.886	0.430	0.742	0.507	1.302	0.795	1.603	30	1.814	0.087	1.813	1.762	1.859	1.049	0		#N/A	#N/A	#N/A	#N/A	#N/A	#N/A	30	17.684	12.354	15.884	5.502	30.356	12.422	2.767	30	0.1531	0.0982	0.1151	0.0811	0.2423	0.1311	1.718																			
	01.07.1996	30	13.674	9.206	11.137	7.639	20.968	11.702	1.733	30	0.582	0.314	0.567	0.257	0.850	0.499	1.792	30	2.797	1.455	2.355	1.773	3.901	2.491	1.626	30	7.692	5.070	6.229	4.382	11.385	6.586	1.743	29	0.885	0.696	0.858	0.226	1.487	0.718	2.415	30	1.779	0.086	1.760	1.696	1.882	1.049	0		#N/A	#N/A	#N/A	#N/A	#N/A	#N/A	30	16.380	11.081	13.933	5.740	27.841	12.464	2.260	30	0.1811	0.1409	0.1376	0.0784	0.3537	0.1403	2.040																			
	01.08.1996	27	8.144	3.222	7.590	4.862	10.294	7.544	1.500	27	0.555	0.433	0.478	0.365	0.642	0.473	1.716	27	1.852	0.650	1.774	1.285	2.605	1.749	1.410	27	4.273	1.653	4.017	2.601	5.663	3.972	1.484	27	0.776	0.342	0.692	0.501	1.148	0.711	1.531	27	1.904	0.140	1.870	1.757	2.052	1.076	0		#N/A	#N/A	#N/A	#N/A	#N/A	#N/A	27	11.293	10.183	8.423	2.452	23.407	7.073	2.885	27	0.1277	0.1595	0.0961	0.0629	0.1302	0.1002	1.748																			
	01.09.1996	28	9.192	4.863	8.022	5.334	13.081	8.155	1.648	28	0.454	0.223	0.363	0.264	0.694	0.407	1.611	28	1.924	0.867	1.612	1.275	2.381	1.778	1.479	28	4.943	2.574	4.448	3.026	7.061	4.402	1.631	28	0.680	0.427	0.579	0.362	1.060	0.583	1.726	28	1.854	0.083	1.861	1.755	1.935	1.046	0		#N/A	#N/A	#N/A	#N/A	#N/A	#N/A	28	13.080	19.489	6.026	0.942	25.136	5.307	4.372	28	0.0798	0.0509	0.0672	0.0451	0.1125	0.0665	1.889																			
	01.10.1996	31	9.970	6.712	9.330	5.307	13.723	8.513	1.759	31	0.421	0.241	0.390	0.199	0.626	0.358	1.816	31	1.938	0.893	1.790	1.239	2.466	1.788	1.486	31	5.416	3.600	4.713	2.968	7.411	4.653	1.735	30	0.584	0.292	0.521	0.356	0.893	0.511	1.766	31	1.832	0.093	1.849	1.739	1.901	1.052	0		#N/A	#N/A	#N/A	#N/A	#N/A	#N/A	31	9.817	12.997	5.663	1.659	13.460	5.275	3.041	31	0.0962	0.0500	0.0860	0.0576	0.1355	0.0865	1.577																			
	01.11.1996	30	12.994	10.251	11.191	6.424	15.317	10.785	1.783	30	0.763	0.497	0.594	0.275	1.333	0.591	2.228	30	2.699	1.424	2.429	1.539	3.448	2.430	1.573	30	6.998	5.263	6.110	3.866	8.115	5.927	1.716	28	0.952	0.498	0.841	0.509	1.362	0.830	1.730	30	1.825	0.147	1.840	1.705	1.888	1.079	0		#N/A	#N/A	#N/A	#N/A	#N/A	#N/A	30	10.329	9.004	6.798	2.740	19.075	6.963	2.527	30	0.1168	0.0840	0.0949	0.0445	0.1903	0.0907	2.119																			
	01.12.1996	30	12.188	7.299	9.784	5.977	21.501	10.326	1.797	30	0.507	0.379	0.383	0.218	0.703	0.406	1.951	30	2.359	1.197	1.836	1.355	3.786	2.108	1.604	30	7.444	4.319	6.029	3.721	13.112	6.378	1.757	27	0.446	0.494	0.302	0.165	0.546	0.362	2.026	30	1.621	0.082	1.632	1.587	1.676	1.055	0		#N/A	#N/A	#N/A	#N/A	#N/A	#N/A	30	1.033	1.288	0.628	0.235	1.592	0.660	2.569	30	0.0632	0.0740	0.0323	0.0079	0.1373	0.0289	4.210																			
	01.01.1997	30	10.609	3.820	9.591	6.902	15.979	9.988	1.420	30	0.256	0.115	0.240	0.168	0.346	0.237	1.469	30	1.720	0.515	1.591	1.218	2.390	1.648	1.349	30	6.198	2.141	5.705	4.005	9.139	5.855	1.409	30	0.160	0.115	0.134	0.060	0.269	0.144	2.019	30	1.707	0.062	1.694	1.659	1.756	1.037	0		#N/A	#N/A	#N/A	#N/A	#N/A	#N/A	30	0.423	0.386	0.365	0.096	0.579	0.319	2.311	30	0.0161	0.0205	0.0111	0.0001	0.0253	0.0081	5.976																			
	01.02.1997	30	23.133	7.124	21.865	16.436	30.154	22.042	1.381	30	0.579	0.281	0.568	0.289	0.942	0.507	1.748	29	3.598	1.002	3.546	2.641	4.700	3.448	1.361	30	12.434	3.519	11.809	9.000	15.589	11.939	1.343	22	0.489	0.402	0.418	0.070	0.974	0.358	3.017	30	1.848	0.090	1.853	1.762	1.907	1.050	0		#N/A	#N/A	#N/A	#N/A	#N/A	#N/A	30	12.275	11.201	10.665	0.760	23.586	6.064	4.507	30	0.0605	0.0376	0.0532	0.0247	0.0981	0.0507	1.833																			
	01.03.1997	31	14.431	5.093	13.741	9.697	18.871	13.699	1.376	31	0.594	0.341	0.446	0.303	0.904	0.518	1.675	30	2.598	0.782	2.429	1.766	3.571	2.492	1.339	31	7.821	2.740	7.505	5.545	9.771	7.419	1.383	29	0.744	0.466	0.663	0.344	1.276	0.643	1.912	31	1.849	0.103	1.815	1.748	1.956	1.056	0		#N/A	#N/A	#N/A	#N/A	#N/A	#N/A	31	22.209	31.958	5.346	0.611	48.128	5.097	7.279	31	0.0505	0.0234	0.0503	0.0229	0.0712	0.0449	1.676																			
	01.04.1997	30	9.555	4.215	9.176	4.987	14.868	8.680	1.566	30	0.778	0.328	0.748	0.443	1.168	0.715	1.523	30	2.206	0.755	2.213	1.433	3.058	2.084	1.413	30	5.202	2.319	5.271	2.799	8.043	4.714	1.576	30	0.897	0.335	0.825	0.579	1.229	0.838	1.460	30	1.844	0.096	1.838	1.771	1.927	1.053	0		#N/A	#N/A	#N/A	#N/A	#N/A	#N/A	30	3.778	5.070	1.059	0.643	7.604	1.805	3.346	30	0.1527	0.1009	0.1141	0.0646	0.2906	0.1220	2.012																			
	01.05.1997	31	11.297	3.521	11.107	8.631	13.287	10.778	1.372	31	0.805	0.324	0.682	0.539	1.105	0.748	1.481	31	2.347	0.588	2.284	1.786	2.953	2.276	1.292	31	6.439	2.069	6.243	4.510	7.516	6.128	1.383	31	0.727	0.293	0.660	0.465	1.001	0.672	1.502	31	1.761	0.084	1.769	1.676	1.819	1.049	0		#N/A	#N/A	#N/A	#N/A	#N/A	#N/A	31	12.591	10.600	9.822	2.104	24.140	7.578	3.347	31	0.1424	0.0815	0.1289	0.0704	0.2103	0.1228	1.746																			
	01.06.1997	30	13.214	5.271	12.224	8.808	16.355	12.370	1.432	30	0.681	0.254	0.670	0.420	0.897	0.634	1.491	30	2.627	0.726	2.524	1.958	3.072	2.540	1.299	30	7.510	2.888	6.863	5.058	9.477	7.060	1.416	29	0.777	0.424	0.799	0.283	1.126	0.633	2.096	30	1.753	0.050	1.754	1.715	1.793	1.029	0		#N/A	#N/A	#N/A	#N/A	#N/A	#N/A	30	43.555	34.226	39.525	13.056	66.161	31.295	2.431	30	0.0586	0.0232	0.0576	0.0356	0.0802	0.0543	1.497																			
	01.07.1997	30	11.280	3.745	11.361	7.487	14.376	10.620	1.447	30	0.493	0.181	0.479	0.350	0.670	0.444	1.784	30	2.262	0.734	2.260	1.606	2.965	2.111	1.519	30	6.327	2.063	6.308	4.213	8.371	5.971	1.436	30	0.669	0.372	0.674	0.317	0.910	0.618	1.736	30	1.779	0.050	1.796	1.724	1.820	1.029	0		#N/A	#N/A	#N/A	#N/A	#N/A	#N/A	30	17.592	12.116	15.032	5.838	30.063	13.254	2.308	30	0.0728	0.0528	0.0649	0.0301	0.1206	0.0588	2.206																			
	01.08.1997	31	8.074	4.005	6.901	4.411	12.315	7.098	1.705	31	0.492	0.148	0.472	0.330	0.650	0.468	1.406	31	1.854	0.631	1.613	1.154	2.531	1.752	1.407	31	4.530	2.184	3.926	2.516	6.728	4.001	1.692	31	0.714	0.260	0.652	0.499	1.003	0.665	1.487	31	1.775	0.070	1.767	1.718	1.841	1.040	0		#N/A	#N/A	#N/A	#N/A	#N/A	#N/A	31	13.269	7.732	12.971	4.927	20.362	10.661	2.109	31	0.0737	0.0327	0.0652	0.0469	0.1022	0.0665	1.630																			
	01.09.1997	27	8.739	4.355	8.208	4.373	13.335	7.734	1.668	27	0.554	0.300	0.491	0.314	0.705	0.484	1.737	27	1.983	0.806	1.954	1.163	3.003	1.823	1.531	27	4.878	2.347	4.822	2.456	7.337	4.353	1.639	27	0.755	0.457	0.625	0.344	1.132	0.633	1.865	27	1.778	0.054	1.775	1.720	1.825	1.031	0		#N/A	#N/A	#N/A	#N/A	#N/A	#N/A	27	20.884	22.474	10.856	6.135	34.939	13.188	2.727	27	0.0893	0.0906	0.0682	0.0262	0.1176	0.0648	2.210																			
	01.10.1997	28	7.958	6.832	6.258	2.214	12.384	5.526	2.485	28	0.564	0.371	0.390	0.292	0.891	0.452	2.046	28	1.804	1.022	1.733	0.895	2.569	1.567	1.709	28	4.456	3.660	3.427	1.394	6.953	3.255	2.286	28	0.682	0.369	0.599	0.369	0.962	0.592	1.759	28	1.709	0.187	1.783	1.507	1.822	1.129	0		#N/A	#N/A	#N/A	#N/A	#N/A	#N/A	28	6.612	5.481	4.425	2.715	9.728	5.044	2.085	28	0.1180	0.1173	0.0675	0.0368	0.1900	0.0774	2.591																			
	01.11.1997	29	11.787	6.139	9.982	7.781	17.050	10.296	1.748	29	0.547	0.371	0.480	0.222	0.908	0.449	1.892	29	2.114	0.869	1.836	1.472	2.811	1.967	1.463	29	6.470	3.027	5.604	4.319	9.508	5.771	1.674	29	0.485	0.244	0.424	0.285	0.670	0.437	1.577	29	1.788	0.122	1.780	1.715	1.845	1.066	0		#N/A	#N/A	#N/A	#N/A	#N/A	#N/A	29	3.998	2.820	2.939	1.897	5.779	3.291	1.849	29	0.0642	0.0832	0.0397	0.0045	0.1172	0.0308	4.494																			
	01.12.1997	29	14.816	10.061	11.589	9.018	21.035	12.874	1.643	29	0.847	0.772	0.477	0.298	1.652	0.612	2.200	29	2.661	1.412	2.307	1.646	3.687	2.400	1.558	29	8.397	5.369	6.633	5.133	11.855	7.352	1.632	26	0.567	0.309	0.485	0.290	0.964	0.476	1.930	29	1.753	0.080	1.760	1.701	1.811	1.047	0		#N/A	#N/A	#N/A	#N/A	#N/A	#N/A	29	5.091	5.522	2.851	1.290	10.176	3.169	2.649	29	0.1024	0.1251	0.0472	0.0149	0.2079	0.0545	3.435																			
	01.01.1998	30	15.820	6.384	14.578	9.616	21.943	14.668	1.485	30	0.725	0.512	0.686	0.206	1.199	0.536	2.369	30	2.656	0.882	2.472	1.809	3.576	2.519	1.394	30	8.915	3.569	7.867	5.398	12.231	8.268	1.486	28	0.427	0.297	0.368	0.154	0.820	0.350	2.140	30	1.776	0.096	1.772	1.729	1.817	1.054	0		#N/A	#N/A	#N/A	#N/A	#N/A	#N/A	30	6.513	8.860	3.155	1.102	8.054	3.521	2.900	30	0.0727	0.0610	0.0681	0.0140	0.1237	0.0454	3.076																			
	01.02.1998	26	11.923	8.372	9.479	5.681	17.314	9.888	1.826	26	0.822	0.321	0.881	0.460	1.180	0.757	1.534	26	2.488	1.219	2.194	1.442	3.718	2.243	1.581	26	6.632	4.566	5.578	2.987	9.599	5.521	1.819	24	0.855	0.658	0.683	0.375	1.191	0.696	1.871	26	1.793	0.086	1.799	1.701	1.879	1.049	0		#N/A	#N/A	#N/A	#N/A	#N/A	#N/A	26	9.387	13.246	4.268	1.906	12.815	5.244	2.764	26	0.1448	0.1272	0.1390	0.0297	0.2272	0.0925	3.074																			
	01.03.1998	30	15.756	11.199	12.430	9.130	21.166	13.508	1.670	30	0.797	0.553	0.574	0.291	1.568	0.634	2.012	30	3.031	1.622	2.562	1.796	4.315	2.724	1.567	30	8.721	5.841	7.076	5.205	11.473	7.587	1.635	27	0.825	0.429	0.693	0.386	1.255	0.717	1.746	30	1.783	0.104	1.787	1.672	1.895	1.059	0		#N/A	#N/A	#N/A	#N/A	#N/A	#N/A	30	17.272	21.312	7.302	1.970	36.734	8.389	3.514	30	0.1068	0.1048	0.0648	0.0162	0.2199	0.0543	4.325																			
	01.04.1998	30	13.555	9.526	9.970	7.545	16.726	11.678	1.653	30	0.825	0.504	0.647	0.449	1.160	0.719	1.661	30	2.606	1.559	2.144	1.591	2.907	2.343	1.528	30	7.600	4.728	5.767	4.470	9.421	6.721	1.585	27	0.598	0.270	0.608	0.352	0.877	0.533	1.684	30	1.740	0.101	1.737	1.637	1.823	1.059	0		#N/A	#N/A	#N/A	#N/A	#N/A	#N/A	30	13.124	24.956	3.471	1.824	17.544	4.634	4.136	29	0.1057	0.0776	0.0868	0.0519	0.1602	0.0872	1.841																			
	01.05.1998	30	10.800	3.619	10.967	6.335	13.795	10.187	1.427	30	0.734	0.315	0.660	0.451	1.147	0.672	1.535	30	2.333	0.696	2.431	1.466	2.957	2.226	1.377	30	6.278	2.072	6.295	3.656	8.139	5.928	1.424	30	0.753	0.354	0.670	0.444	1.092	0.672	1.658	30	1.720	0.078	1.728	1.647	1.786	1.047	0		#N/A	#N/A	#N/A	#N/A	#N/A	#N/A	30	24.445	29.086	8.813	3.135	62.512	11.746	3.584	30	0.0970	0.0523	0.0895	0.0478	0.1373	0.0853	1.673																			
	01.06.1998	30	12.739	4.199	12.003	9.324	16.139	12.199	1.334	30	0.689	0.258	0.715	0.435	0.941	0.632	1.579	30	2.769	0.964	2.505	2.073	3.452	2.647	1.335	30	7.351	2.261	7.015	5.225	9.105	7.059	1.328	29	0.873	0.622	0.718	0.424	1.073	0.728	1.820	30	1.734	0.161	1.704	1.641	1.808	1.086	0		#N/A	#N/A	#N/A	#N/A	#N/A	#N/A	30	33.807	36.732	23.642	10.758	46.893	21.919	2.688	30	0.0903	0.0573	0.0877	0.0430	0.1268	0.0643	3.439																			
	01.07.1998	30	9.161	2.749	8.294	7.017	12.573	8.809	1.321	30	0.608	0.196	0.597	0.452	0.801	0.568	1.510	30	2.096	0.426	2.138	1.643	2.519	2.055	1.224	30	5.461	1.686	4.885	4.243	7.490	5.231	1.342	30	0.721	0.365	0.679	0.375	1.153	0.666	1.658	30	1.686	0.077	1.677	1.633	1.731	1.047	0		#N/A	#N/A	#N/A	#N/A	#N/A	#N/A	30	23.413	17.278	19.533	7.877	39.168	17.143	2.388	30	0.0629	0.0378	0.0515	0.0333	0.1160	0.0514	2.027																			
	01.08.1998	30	8.414	3.095	8.070	5.644	12.203	7.851	1.473	30	0.595	0.287	0.500	0.359	0.810	0.541	1.538	30	2.179	0.767	2.029	1.504	3.213	2.049	1.439	30	4.560	1.725	4.386	2.978	6.321	4.242	1.486	30	1.032	0.499	0.915	0.617	1.461	0.926	1.612	30	1.852	0.055	1.866	1.811	1.897	1.031	0		#N/A	#N/A	#N/A	#N/A	#N/A	#N/A	30	18.384	11.739	14.278	9.257	30.062	14.940	1.994	29	0.1186	0.0826	0.1003	0.0640	0.1733	0.1000	1.763																			
	01.09.1998	27	8.256	3.845	7.025	4.875	11.695	7.343	1.693	27	0.509	0.220	0.564	0.345	0.712	0.435	2.062	27	1.960	0.724	2.036	1.264	2.671	1.774	1.697	27	4.395	1.954	3.824	2.573	5.989	3.939	1.667	27	0.853	0.377	0.899	0.532	1.109	0.722	2.118	27	1.865	0.066	1.851	1.792	1.933	1.036	0		#N/A	#N/A	#N/A	#N/A	#N/A	#N/A	27	19.035	14.384	16.335	5.784	32.003	14.548	2.167	27	0.0697	0.0495	0.0675	0.0414	0.0832	0.0622	1.756																			
	01.10.1998	31	13.421	6.921	11.558	7.195	21.534	11.673	1.759	31	0.529	0.238	0.470	0.319	0.788	0.469	1.711	31	2.616	1.034	2.448	1.655	3.721	2.419	1.507	31	7.282	3.608	6.206	3.857	11.543	6.400	1.718	30	0.778	0.355	0.734	0.467	1.169	0.693	1.689	31	1.825	0.060	1.837	1.792	1.867	1.034	0		#N/A	#N/A	#N/A	#N/A	#N/A	#N/A	31	13.906	16.452	9.341	3.527	18.616	9.059	2.424	31	0.0368	0.0277	0.0317	0.0121	0.0624	0.0241	3.984																			
	01.11.1998	29	9.388	4.140	8.562	5.906	12.497	8.681	1.475	29	0.648	0.452	0.527	0.237	1.031	0.521	1.956	29	1.972	0.758	1.679	1.234	2.943	1.838	1.467	29	5.196	2.262	4.784	3.237	6.971	4.806	1.477	29	0.665	0.485	0.584	0.254	0.909	0.531	1.968	29	1.807	0.034	1.796	1.778	1.839	1.019	0		#N/A	#N/A	#N/A	#N/A	#N/A	#N/A	29	10.088	7.824	7.593	4.134	14.516	7.987	1.958	29	0.0623	0.0578	0.0351	0.0141	0.1194	0.0382	3.583																			
	01.12.1998	31	16.677	13.296	11.380	7.778	30.425	12.967	2.023	31	0.372	0.315	0.252	0.164	0.587	0.284	2.051	31	2.535	1.474	2.118	1.481	4.046	2.186	1.734	31	8.736	6.723	6.165	4.369	12.399	6.947	1.959	26	0.466	0.526	0.264	0.126	1.002	0.277	2.979	31	1.877	0.237	1.830	1.785	1.910	1.105	0		#N/A	#N/A	#N/A	#N/A	#N/A	#N/A	31	6.060	4.504	4.757	2.663	10.080	4.942	1.866	31	0.0544	0.0900	0.0211	0.0019	0.0876	0.0213	6.074																			
	01.01.1999	30	17.744	7.279	16.210	11.520	24.280	16.447	1.481	30	0.245	0.093	0.222	0.175	0.317	0.231	1.427	30	2.520	0.778	2.368	1.757	3.347	2.411	1.349	30	9.921	3.805	8.939	6.566	13.309	9.277	1.448	26	0.101	0.167	0.137	0.009	0.247	0.117	2.474	30	1.774	0.065	1.781	1.704	1.836	1.037	0		#N/A	#N/A	#N/A	#N/A	#N/A	#N/A	30	3.085	0.853	3.033	2.241	3.877	2.957	1.361	30	0.0069	0.0106	0.0055	-0.0037	0.0184	0.0058	4.601																			
	01.02.1999	28	11.225	6.231	9.538	6.194	15.424	9.951	1.621	28	0.390	0.143	0.376	0.279	0.422	0.371	1.360	28	1.913	0.830	1.695	1.231	2.466	1.777	1.459	28	6.306	3.338	5.525	3.592	8.673	5.627	1.606	26	0.349	0.192	0.334	0.171	0.517	0.329	1.626	28	1.769	0.046	1.766	1.729	1.803	1.026	0		#N/A	#N/A	#N/A	#N/A	#N/A	#N/A	28	3.820	2.543	3.311	1.812	4.679	3.214	1.808	28	0.0351	0.0358	0.0269	0.0015	0.0644	0.0278	3.360																			
	01.03.1999	31	8.038	3.852	7.062	4.378	12.518	7.174	1.643	31	0.380	0.168	0.325	0.245	0.490	0.353	1.457	31	1.537	0.535	1.468	0.975	2.111	1.445	1.441	31	4.471	2.106	3.939	2.417	6.877	4.008	1.626	31	0.411	0.171	0.358	0.283	0.551	0.376	1.587	31	1.790	0.033	1.793	1.765	1.821	1.019	0		#N/A	#N/A	#N/A	#N/A	#N/A	#N/A	31	2.661	2.123	2.183	1.215	3.312	2.114	1.990	31	0.0580	0.0513	0.0483	0.0203	0.0858	0.0408	2.496																			
	01.04.1999	30	9.593	3.854	9.002	6.007	12.946	8.853	1.514	30	0.995	0.622	0.814	0.422	1.667	0.823	1.890	30	2.382	0.929	2.179	1.465	3.565	2.208	1.497	30	5.351	2.142	5.072	3.428	7.257	4.940	1.513	30	1.035	0.699	0.933	0.444	1.598	0.900	1.860	30	1.792	0.038	1.790	1.760	1.819	1.022	0		#N/A	#N/A	#N/A	#N/A	#N/A	#N/A	30	21.211	20.765	11.665	3.306	46.163	11.853	3.297	30	0.1508	0.1102	0.1309	0.0505	0.2273	0.1128	2.360																			
	01.05.1999	31	8.778	4.818	7.364	4.771	11.820	7.810	1.607	31	1.087	0.458	1.066	0.584	1.560	0.979	1.646	31	2.185	0.738	2.162	1.380	2.798	2.073	1.390	31	5.038	2.680	4.215	2.835	6.716	4.498	1.602	31	0.917	0.345	0.982	0.505	1.194	0.841	1.575	31	1.738	0.066	1.745	1.658	1.807	1.039	0		#N/A	#N/A	#N/A	#N/A	#N/A	#N/A	31	31.089	25.267	27.441	7.515	41.155	22.380	2.410	31	0.1713	0.0969	0.1597	0.0826	0.2550	0.1480	1.740																			
	01.06.1999	30	15.513	7.863	13.435	8.489	23.777	13.677	1.681	30	0.816	0.255	0.850	0.538	1.104	0.772	1.429	30	2.930	1.005	2.896	1.921	4.022	2.753	1.449	30	9.223	4.817	8.035	4.872	14.896	8.074	1.705	26	0.723	0.468	0.742	0.351	1.255	0.664	1.914	30	1.695	0.067	1.702	1.631	1.763	1.041	0		#N/A	#N/A	#N/A	#N/A	#N/A	#N/A	30	27.415	13.874	27.188	12.076	40.805	23.609	1.808	30	0.1319	0.0493	0.1287	0.0885	0.1853	0.1214	1.570																			
	01.07.1999	23	12.197	10.303	7.394	5.432	22.197	9.441	1.981	23	0.475	0.156	0.511	0.364	0.621	0.440	1.566	23	2.215	1.091	2.117	1.379	3.094	1.999	1.576	23	7.149	6.233	4.235	3.237	11.883	5.480	1.999	20	0.614	0.360	0.676	0.369	1.048	0.567	1.869	23	1.727	0.127	1.712	1.647	1.755	1.070	0		#N/A	#N/A	#N/A	#N/A	#N/A	#N/A	23	16.563	8.963	15.618	7.166	23.399	14.208	1.817	23	0.0959	0.0502	0.0856	0.0447	0.1382	0.0838	1.720																			
	01.08.1999	15	9.065	15.791	4.447	3.696	8.002	5.546	2.180	15	0.485	0.335	0.358	0.301	0.618	0.424	1.608	15	1.869	2.547	1.119	0.891	1.990	1.346	1.930	15	5.406	9.017	2.672	2.364	4.796	3.429	2.121	14	0.439	0.173	0.420	0.291	0.549	0.409	1.474	15	1.638	0.231	1.697	1.582	1.777	1.200	0		#N/A	#N/A	#N/A	#N/A	#N/A	#N/A	15	7.979	4.614	7.606	3.558	11.747	6.771	1.845	15	0.1138	0.0982	0.0854	0.0442	0.1514	0.0875	2.058																			
	01.09.1999	24	14.268	17.775	9.954	5.206	17.327	10.365	2.056	24	0.579	0.247	0.531	0.329	0.858	0.525	1.600	24	2.760	2.714	2.400	1.335	3.028	2.250	1.758	24	8.780	11.779	6.146	3.185	10.255	6.198	2.099	23	0.605	0.388	0.511	0.285	0.958	0.531	1.951	24	1.678	0.143	1.685	1.579	1.793	1.089	0		#N/A	#N/A	#N/A	#N/A	#N/A	#N/A	24	11.379	10.461	7.194	3.163	22.380	7.671	2.498	24	0.1880	0.1768	0.1292	0.0766	0.3879	0.1229	2.992																			
	01.10.1999	31	11.524	8.106	8.041	4.191	19.925	9.011	2.082	31	0.361	0.180	0.322	0.170	0.533	0.319	1.671	31	2.024	1.178	1.565	1.124	3.545	1.742	1.736	31	7.005	5.022	5.165	2.609	12.246	5.461	2.080	28	0.294	0.411	0.296	0.148	0.502	0.326	1.837	31	1.653	0.094	1.631	1.564	1.752	1.058	0		#N/A	#N/A	#N/A	#N/A	#N/A	#N/A	31	5.303	7.538	3.094	1.814	6.485	3.591	2.150	31	0.0706	0.0419	0.0545	0.0312	0.1169	0.0596	1.824																			
	01.11.1999	30	13.992	7.568	13.013	7.483	19.329	12.165	1.746	30	0.757	0.584	0.624	0.249	1.330	0.559	2.289	30	2.688	1.209	2.376	1.546	3.743	2.445	1.560	30	8.277	4.321	7.911	4.272	11.264	7.220	1.739	28	0.599	0.517	0.511	0.133	1.028	0.412	3.450	30	1.686	0.075	1.694	1.599	1.746	1.045	0		#N/A	#N/A	#N/A	#N/A	#N/A	#N/A	30	8.612	13.829	2.897	2.166	13.444	4.286	2.777	30	0.2902	0.2773	0.1625	0.0610	0.5076	0.1702	3.135																			
	01.12.1999	31	9.902	6.342	7.112	5.114	15.951	8.337	1.791	31	0.323	0.115	0.334	0.208	0.422	0.301	1.490	31	1.759	1.023	1.360	0.983	2.534	1.539	1.655	31	5.920	3.769	4.050	3.164	9.637	4.989	1.786	30	0.271	0.248	0.240	0.048	0.347	0.236	2.854	31	1.672	0.059	1.676	1.618	1.738	1.036	0		#N/A	#N/A	#N/A	#N/A	#N/A	#N/A	31	2.984	1.610	2.400	1.994	4.070	2.688	1.554	31	0.0379	0.0213	0.0329	0.0176	0.0515	0.0324	1.804																			
	01.01.2000	29	16.378	11.782	11.969	7.015	26.645	13.276	1.911	29	0.186	0.058	0.176	0.138	0.242	0.178	1.359	29	2.392	1.623	1.686	1.123	3.646	1.989	1.827	30	10.367	7.119	8.087	4.762	16.016	8.532	1.877	23	-0.162	0.413	-0.238	-0.395	0.099	0.167	3.331	29	1.556	0.095	1.570	1.470	1.636	1.063	0		#N/A	#N/A	#N/A	#N/A	#N/A	#N/A	30	-0.702	0.876	-0.917	-1.453	0.272	0.390	3.432	30	0.0206	0.0149	0.0207	0.0066	0.0322	0.0167	2.162																			
	01.02.2000	31	16.475	8.849	15.441	6.433	26.684	14.123	1.799	31	0.477	0.289	0.404	0.278	0.804	0.405	1.815	31	2.680	1.414	2.334	1.195	4.167	2.348	1.696	31	8.706	4.486	8.065	3.322	13.601	7.519	1.781	28	0.416	0.329	0.418	0.190	0.630	0.421	1.728	31	1.880	0.083	1.896	1.795	1.948	1.046	0		#N/A	#N/A	#N/A	#N/A	#N/A	#N/A	31	4.807	6.126	2.234	-0.186	12.140	3.492	4.770	31	0.0627	0.0677	0.0429	0.0217	0.0990	0.0462	2.272																			
	01.03.2000	29	9.635	7.236	8.029	3.920	13.393	7.673	1.982	29	0.568	0.356	0.392	0.292	1.057	0.476	1.821	29	1.958	1.002	1.674	0.958	2.786	1.740	1.637	30	5.437	3.953	4.269	2.126	7.514	4.325	1.995	28	0.654	0.376	0.516	0.369	0.973	0.562	1.760	29	1.843	0.111	1.854	1.779	1.932	1.067	0		#N/A	#N/A	#N/A	#N/A	#N/A	#N/A	30	6.761	13.524	1.048	-1.350	15.619	6.686	3.911	30	0.1225	0.1331	0.0657	0.0350	0.1835	0.0798	2.449																			
	01.04.2000	30	13.171	6.140	11.015	8.927	17.073	12.186	1.462	30	0.491	0.215	0.475	0.254	0.709	0.443	1.614	30	2.438	1.156	2.126	1.600	3.088	2.261	1.448	30	7.528	3.509	6.325	5.149	9.768	6.962	1.465	29	0.491	0.286	0.491	0.222	0.780	0.443	1.804	30	1.751	0.038	1.746	1.717	1.786	1.022	0		#N/A	#N/A	#N/A	#N/A	#N/A	#N/A	30	7.392	13.142	1.358	0.562	12.415	2.307	4.625	30	0.0714	0.0406	0.0650	0.0314	0.1157	0.0585	2.023																			
	01.05.2000	26	11.101	4.757	9.696	6.650	16.539	10.205	1.514	26	0.802	0.294	0.816	0.529	1.067	0.747	1.494	26	2.294	0.684	2.064	1.664	3.132	2.204	1.329	26	6.252	2.784	5.399	3.494	9.399	5.699	1.549	26	0.720	0.393	0.670	0.401	0.984	0.604	1.958	26	1.792	0.063	1.775	1.737	1.861	1.036	0		#N/A	#N/A	#N/A	#N/A	#N/A	#N/A	26	9.121	7.099	8.679	1.508	17.246	6.216	3.243	26	0.1554	0.1076	0.1467	0.0533	0.2095	0.1226	2.150																			
	01.06.2000	30	15.291	8.268	12.466	8.252	20.568	13.734	1.567	30	0.707	0.160	0.711	0.556	0.857	0.687	1.286	30	3.126	1.237	2.887	2.036	3.961	2.937	1.415	30	8.614	4.730	7.097	4.554	11.541	7.704	1.583	28	0.951	0.592	0.955	0.702	1.353	1.023	1.389	30	1.784	0.063	1.767	1.734	1.819	1.035	0		#N/A	#N/A	#N/A	#N/A	#N/A	#N/A	30	22.331	14.476	16.790	10.875	40.512	16.889	2.520	30	0.0844	0.0498	0.0705	0.0394	0.1309	0.0702	1.908																			
	01.07.2000	30	9.067	3.933	7.646	6.077	12.862	8.417	1.455	30	0.545	0.188	0.536	0.337	0.723	0.513	1.440	30	1.932	0.651	1.814	1.275	2.493	1.838	1.371	30	5.005	2.371	4.059	3.246	7.342	4.586	1.499	30	0.672	0.292	0.630	0.366	0.975	0.609	1.586	30	1.837	0.080	1.832	1.746	1.927	1.045	0		#N/A	#N/A	#N/A	#N/A	#N/A	#N/A	30	11.407	7.688	10.266	2.451	20.092	9.599	2.258	30	0.0749	0.0466	0.0671	0.0390	0.1278	0.0591	2.195																			
	01.08.2000	31	8.831	4.329	7.762	5.265	11.066	7.927	1.616	31	0.521	0.274	0.452	0.333	0.683	0.469	1.566	31	2.111	0.687	2.043	1.409	2.979	2.001	1.402	31	4.776	2.320	4.139	2.958	6.221	4.297	1.603	31	0.909	0.492	0.826	0.447	1.348	0.760	1.969	31	1.847	0.082	1.852	1.751	1.910	1.045	0		#N/A	#N/A	#N/A	#N/A	#N/A	#N/A	31	16.356	13.514	14.316	5.346	30.369	10.752	3.412	31	0.0769	0.0734	0.0505	0.0299	0.1138	0.0571	2.136																			
	01.09.2000	28	8.384	4.214	6.578	4.989	11.743	7.584	1.550	28	0.505	0.189	0.459	0.338	0.661	0.476	1.405	28	1.823	0.680	1.653	1.225	2.174	1.727	1.381	28	4.431	2.318	3.470	2.684	6.077	3.993	1.555	28	0.708	0.388	0.632	0.402	0.985	0.665	1.594	28	1.901	0.076	1.899	1.834	1.970	1.041	0		#N/A	#N/A	#N/A	#N/A	#N/A	#N/A	28	6.569	8.100	3.315	-0.068	15.839	4.077	4.536	28	0.1307	0.1044	0.1024	0.0519	0.2032	0.0956	2.402																			
	01.10.2000	31	7.401	3.814	6.851	4.086	9.746	6.604	1.618	31	0.370	0.183	0.318	0.166	0.575	0.322	1.765	31	1.523	0.697	1.480	0.816	2.053	1.380	1.573	31	4.059	2.133	3.752	2.262	5.341	3.621	1.612	31	0.501	0.347	0.400	0.205	0.883	0.363	2.642	31	1.825	0.052	1.811	1.789	1.878	1.029	0		#N/A	#N/A	#N/A	#N/A	#N/A	#N/A	31	9.133	12.383	5.234	0.774	16.740	4.209	4.160	31	0.0588	0.0494	0.0437	0.0098	0.1154	0.0407	3.257																			
	01.11.2000	30	11.884	8.171	8.606	5.826	19.005	9.889	1.827	30	0.557	0.500	0.410	0.160	1.037	0.391	2.337	30	2.033	1.017	1.804	1.093	2.917	1.816	1.617	30	6.635	4.700	4.921	3.150	10.682	5.453	1.866	29	0.407	0.378	0.218	0.088	0.822	0.226	4.222	30	1.815	0.082	1.806	1.732	1.894	1.046	0		#N/A	#N/A	#N/A	#N/A	#N/A	#N/A	30	4.438	5.531	2.571	0.517	8.459	2.614	3.580	30	0.0833	0.1212	0.0261	-0.0060	0.1710	0.0493	5.494																			
	01.12.2000	31	15.642	10.288	11.251	8.700	25.927	13.405	1.697	31	0.568	0.338	0.451	0.258	0.903	0.480	1.800	31	2.607	1.442	2.166	1.464	3.948	2.318	1.605	31	8.974	5.741	6.707	4.993	14.694	7.727	1.690	26	0.375	0.233	0.327	0.192	0.556	0.307	2.042	31	1.736	0.051	1.735	1.690	1.781	1.030	0		#N/A	#N/A	#N/A	#N/A	#N/A	#N/A	31	2.444	6.833	0.782	-0.869	2.875	2.096	2.810	31	0.0569	0.0553	0.0391	0.0139	0.1211	0.0406	3.268																			
	01.01.2001	30	9.837	5.173	8.181	5.986	12.372	8.869	1.552	30	0.636	0.429	0.536	0.273	0.993	0.515	1.960	30	1.856	0.768	1.721	1.137	2.470	1.721	1.477	30	5.493	2.833	4.537	3.270	7.025	4.965	1.546	30	0.474	0.236	0.406	0.254	0.701	0.416	1.734	30	1.787	0.050	1.779	1.746	1.831	1.028	0		#N/A	#N/A	#N/A	#N/A	#N/A	#N/A	30	2.230	4.476	0.884	-0.902	5.794	2.793	2.789	30	0.0769	0.1210	0.0346	0.0120	0.1098	0.0399	3.378																			
	01.02.2001	30	14.001	13.488	9.821	5.959	18.990	10.588	2.018	30	0.369	0.261	0.278	0.172	0.509	0.307	1.832	30	2.302	1.746	1.723	1.122	3.255	1.903	1.796	30	7.592	7.008	5.290	3.240	10.279	5.845	1.971	28	0.408	0.324	0.331	0.140	0.612	0.317	2.502	30	1.813	0.075	1.825	1.758	1.878	1.043	0		#N/A	#N/A	#N/A	#N/A	#N/A	#N/A	30	3.797	6.563	1.272	0.606	4.822	1.535	3.862	30	0.0299	0.0381	0.0138	0.0001	0.0829	0.0170	4.502																			
	01.03.2001	31	8.107	3.237	7.552	5.495	11.213	7.553	1.462	31	0.553	0.403	0.395	0.207	1.079	0.422	2.134	31	1.697	0.760	1.406	0.990	2.638	1.548	1.540	31	4.421	1.806	4.043	2.978	6.260	4.115	1.460	31	0.584	0.419	0.401	0.254	1.080	0.441	2.285	31	1.837	0.079	1.844	1.757	1.909	1.045	0		#N/A	#N/A	#N/A	#N/A	#N/A	#N/A	31	3.685	3.231	2.505	0.930	6.436	2.696	2.530	31	0.2190	0.2519	0.0881	0.0343	0.5712	0.0922	4.760																			
	01.04.2001	30	11.178	6.599	10.408	6.557	14.471	10.010	1.562	30	0.731	0.471	0.559	0.325	1.261	0.610	1.828	30	2.230	0.972	2.098	1.367	2.755	2.069	1.469	30	5.954	3.665	5.432	3.471	7.503	5.292	1.582	29	0.740	0.425	0.621	0.352	1.189	0.632	1.779	30	1.893	0.065	1.898	1.832	1.950	1.035	0		#N/A	#N/A	#N/A	#N/A	#N/A	#N/A	30	10.412	13.218	5.098	1.584	18.696	5.112	3.534	30	0.0848	0.0654	0.0710	0.0297	0.1310	0.0665	2.041																			
	01.05.2001	30	12.752	6.443	11.576	7.492	16.787	11.575	1.533	30	0.895	0.389	0.828	0.532	1.241	0.811	1.592	30	2.466	0.757	2.408	1.651	3.171	2.357	1.359	30	6.589	3.255	5.871	3.893	8.724	6.012	1.514	29	0.821	0.459	0.801	0.508	1.148	0.784	1.664	30	1.929	0.123	1.916	1.826	2.028	1.064	0		#N/A	#N/A	#N/A	#N/A	#N/A	#N/A	30	10.743	9.133	10.861	1.520	21.137	6.756	4.131	30	0.1516	0.0990	0.1393	0.0733	0.1889	0.1349	1.771																			
	01.06.2001	30	12.930	6.971	11.092	6.819	20.581	11.311	1.690	30	0.714	0.205	0.713	0.559	0.906	0.684	1.358	30	2.705	1.166	2.385	1.544	3.995	2.474	1.538	30	6.640	3.546	5.925	3.575	10.521	5.822	1.682	30	1.034	0.408	0.879	0.703	1.432	0.959	1.485	30	1.945	0.095	1.918	1.847	2.049	1.050	0		#N/A	#N/A	#N/A	#N/A	#N/A	#N/A	30	15.063	9.090	13.315	5.443	25.103	12.153	2.069	30	0.1099	0.0528	0.0983	0.0629	0.1584	0.0995	1.566																			
	01.07.2001	30	11.442	7.145	10.612	5.267	15.257	9.640	1.809	30	0.604	0.217	0.580	0.378	0.843	0.564	1.485	30	2.409	1.056	2.194	1.390	3.514	2.200	1.543	30	6.086	3.822	5.608	2.841	7.434	5.165	1.773	29	0.894	0.409	0.817	0.533	1.265	0.806	1.614	30	1.871	0.137	1.833	1.768	2.040	1.074	0		#N/A	#N/A	#N/A	#N/A	#N/A	#N/A	30	15.793	8.939	13.972	8.032	25.436	13.116	1.981	30	0.0752	0.0403	0.0745	0.0345	0.1193	0.0628	1.975																			
	01.08.2001	31	8.437	5.409	7.591	4.135	11.393	7.108	1.820	31	0.502	0.211	0.528	0.195	0.697	0.444	1.748	31	1.971	0.945	1.881	1.206	2.556	1.772	1.604	31	4.590	3.125	3.913	2.219	6.389	3.807	1.865	30	0.827	0.407	0.772	0.423	1.188	0.733	1.677	31	1.869	0.078	1.844	1.795	1.952	1.042	0		#N/A	#N/A	#N/A	#N/A	#N/A	#N/A	31	13.844	11.720	10.270	3.634	23.640	7.862	4.075	31	0.1641	0.0728	0.1389	0.1049	0.2292	0.1516	1.480																			
	01.09.2001	29	6.672	3.152	6.143	3.717	9.973	6.013	1.595	29	0.610	0.256	0.537	0.390	0.810	0.561	1.519	29	1.803	0.643	1.703	1.250	2.486	1.699	1.418	29	3.613	1.784	3.247	2.053	5.434	3.248	1.592	29	0.893	0.480	0.753	0.515	1.127	0.785	1.689	29	1.853	0.081	1.884	1.762	1.923	1.046	0		#N/A	#N/A	#N/A	#N/A	#N/A	#N/A	29	18.102	18.879	12.263	4.103	29.469	11.409	2.766	29	0.1265	0.0574	0.1261	0.0763	0.1843	0.1134	1.650																			
	01.10.2001	31	11.870	10.457	8.470	6.280	13.286	9.523	1.828	31	0.436	0.257	0.386	0.184	0.649	0.363	1.896	31	2.123	1.653	1.655	1.150	2.443	1.782	1.725	31	6.407	5.655	4.575	3.210	7.226	5.135	1.832	29	0.458	0.405	0.402	0.107	0.852	0.375	2.434	31	1.856	0.061	1.853	1.802	1.896	1.034	0		#N/A	#N/A	#N/A	#N/A	#N/A	#N/A	31	12.232	12.557	5.302	2.348	24.956	7.093	3.001	31	0.0748	0.0446	0.0662	0.0354	0.1173	0.0658	1.829																			
																																																																																											
																																																																																											
																																																																																											
																																																																																											

