
	DATE	N_CL	AVG_CL	STD_CL	MED_CL	P16_CL	P84_CL	N_NO3	AVG_NO3	STD_NO3	MED_NO3	P16_NO3	P84_NO3	N_SO4	AVG_SO4	STD_SO4	MED_SO4	P16_SO4	P84_SO4	N_NA	AVG_NA	STD_NA	MED_NA	P16_NA	P84_NA	N_NSSSO4	AVG_NSSSO4	STD_NSSSO4	MED_NSSSO4	P16_NSSSO4	P84_NSSSO4	N_MSA	AVG_MSA	STD_MSA	MED_MSA	P16_MSA	P84_MSA	N_DUST	AVG_DUST	STD_DUST	MED_DUST	P16_DUST	P84_DUST	N_NH4	AVG_NH4	STD_NH4	MED_NH4	P16_NH4	P84_NH4
	1-1-1989	0	#DIV/0!	#DIV/0!	#NUM!	#NUM!	#NUM!	0	#DIV/0!	#DIV/0!	#NUM!	#NUM!	#NUM!	0	#DIV/0!	#DIV/0!	#NUM!	#NUM!	#NUM!	0	#DIV/0!	#DIV/0!	#NUM!	#NUM!	#NUM!	0	#DIV/0!	#DIV/0!	#NUM!	#NUM!	#NUM!	0	#DIV/0!	#DIV/0!	#NUM!	#NUM!	#NUM!	0	#DIV/0!	#DIV/0!	#NUM!	#NUM!	#NUM!	0	#DIV/0!	#DIV/0!	#NUM!	#NUM!	#NUM!
	2-1-1989	0	#DIV/0!	#DIV/0!	#NUM!	#NUM!	#NUM!	0	#DIV/0!	#DIV/0!	#NUM!	#NUM!	#NUM!	0	#DIV/0!	#DIV/0!	#NUM!	#NUM!	#NUM!	0	#DIV/0!	#DIV/0!	#NUM!	#NUM!	#NUM!	0	#DIV/0!	#DIV/0!	#NUM!	#NUM!	#NUM!	0	#DIV/0!	#DIV/0!	#NUM!	#NUM!	#NUM!	0	#DIV/0!	#DIV/0!	#NUM!	#NUM!	#NUM!	0	#DIV/0!	#DIV/0!	#NUM!	#NUM!	#NUM!
	3-1-1989	3	4.973 	0.815 	4.735 	4.442 	5.514 	3	0.846 	0.342 	0.974 	0.623 	1.064 	3	2.752 	0.954 	3.083 	2.126 	3.364 	3	3.217 	0.280 	3.181 	3.028 	3.407 	3	1.942 	1.023 	2.282 	1.269 	2.602 	3	0.0478 	0.0032 	0.0467 	0.0457 	0.0499 	0	#DIV/0!	#DIV/0!	#NUM!	#NUM!	#NUM!	3	0.3546 	0.1834 	0.3440 	0.2302 	0.4794 
	4-1-1989	24	6.802 	3.100 	6.245 	4.530 	8.456 	24	1.526 	1.000 	1.501 	0.495 	2.594 	24	4.516 	2.177 	4.377 	1.947 	6.563 	24	4.411 	1.786 	4.028 	2.977 	5.768 	24	3.406 	2.173 	3.009 	0.999 	5.534 	21	0.0452 	0.0176 	0.0418 	0.0279 	0.0550 	0	#DIV/0!	#DIV/0!	#NUM!	#NUM!	#NUM!	24	0.5373 	0.3727 	0.4117 	0.1980 	0.9316 
	5-1-1989	27	4.199 	2.731 	3.935 	1.614 	6.638 	27	1.438 	0.600 	1.434 	1.012 	1.784 	27	3.847 	1.774 	3.452 	2.219 	5.936 	27	2.906 	1.520 	2.800 	1.419 	4.148 	27	3.116 	1.628 	2.791 	1.484 	4.699 	25	0.0698 	0.0321 	0.0601 	0.0407 	0.1035 	0	#DIV/0!	#DIV/0!	#NUM!	#NUM!	#NUM!	27	0.4187 	0.2133 	0.3888 	0.2314 	0.6130 
	6-1-1989	28	3.644 	1.961 	3.160 	1.771 	5.544 	28	1.724 	1.135 	1.421 	0.691 	3.121 	28	6.009 	4.753 	3.722 	2.436 	11.712 	28	2.829 	1.269 	2.695 	1.559 	3.830 	28	5.297 	4.728 	3.210 	1.497 	10.859 	23	0.0869 	0.0440 	0.0806 	0.0395 	0.1372 	0	#DIV/0!	#DIV/0!	#NUM!	#NUM!	#NUM!	24	0.8848 	0.7803 	0.5684 	0.1802 	1.4973 
	7-1-1989	22	4.349 	2.366 	4.116 	1.919 	6.980 	22	1.059 	0.960 	0.727 	0.503 	1.459 	22	4.362 	4.945 	2.354 	1.643 	8.588 	22	2.821 	1.151 	2.726 	1.762 	3.796 	22	3.652 	4.943 	1.543 	1.047 	8.065 	17	0.0572 	0.0342 	0.0564 	0.0308 	0.0800 	0	#DIV/0!	#DIV/0!	#NUM!	#NUM!	#NUM!	20	0.5404 	0.6026 	0.2744 	0.1332 	1.1870 
	8-1-1989	19	5.020 	2.400 	4.887 	2.547 	7.750 	19	0.825 	0.504 	0.648 	0.495 	1.108 	16	2.351 	1.203 	2.093 	1.542 	3.412 	19	3.070 	1.250 	3.206 	1.760 	4.235 	16	1.578 	1.060 	1.370 	0.956 	2.326 	17	0.0530 	0.0235 	0.0590 	0.0295 	0.0693 	0	#DIV/0!	#DIV/0!	#NUM!	#NUM!	#NUM!	13	0.2223 	0.1220 	0.2123 	0.0940 	0.3697 
	9-1-1989	26	7.139 	3.620 	6.494 	3.662 	10.380 	26	0.718 	0.540 	0.580 	0.354 	0.921 	26	2.509 	1.187 	2.237 	1.810 	3.046 	26	4.268 	2.072 	3.874 	2.183 	6.104 	26	1.434 	1.199 	0.986 	0.638 	1.897 	21	0.0555 	0.0350 	0.0519 	0.0290 	0.0731 	0	#DIV/0!	#DIV/0!	#NUM!	#NUM!	#NUM!	26	0.1938 	0.1361 	0.1769 	0.0785 	0.3101 
	10-1-1989	28	7.091 	4.135 	6.089 	3.426 	11.243 	28	0.759 	0.591 	0.619 	0.292 	1.386 	28	2.940 	1.566 	2.373 	1.585 	4.380 	28	4.379 	2.147 	3.791 	2.474 	6.526 	28	1.838 	1.700 	1.415 	0.404 	3.084 	26	0.0363 	0.0257 	0.0295 	0.0157 	0.0516 	0	#DIV/0!	#DIV/0!	#NUM!	#NUM!	#NUM!	28	0.2508 	0.1903 	0.2357 	0.0700 	0.4061 
	11-1-1989	29	7.959 	2.797 	8.167 	4.646 	10.390 	29	1.155 	0.744 	0.868 	0.465 	1.714 	29	2.959 	1.025 	3.169 	1.945 	3.706 	29	4.898 	1.562 	4.888 	3.033 	6.278 	29	1.726 	0.881 	1.929 	0.677 	2.499 	29	0.0238 	0.0127 	0.0184 	0.0147 	0.0326 	0	#DIV/0!	#DIV/0!	#NUM!	#NUM!	#NUM!	29	0.2161 	0.1381 	0.1772 	0.0783 	0.3170 
	12-1-1989	28	8.416 	3.228 	8.456 	4.749 	12.048 	28	1.766 	1.486 	1.300 	0.476 	2.700 	28	3.844 	1.875 	3.805 	2.060 	5.410 	28	5.411 	1.837 	5.261 	3.575 	7.416 	28	2.482 	1.794 	1.939 	0.619 	4.397 	27	0.0109 	0.0044 	0.0102 	0.0074 	0.0132 	0	#DIV/0!	#DIV/0!	#NUM!	#NUM!	#NUM!	28	0.2532 	0.1472 	0.2146 	0.1225 	0.4113 
	1-1-1990	28	8.480 	4.195 	7.387 	3.578 	13.650 	28	0.974 	0.460 	0.938 	0.498 	1.432 	28	3.038 	1.025 	2.964 	1.957 	4.081 	28	5.145 	2.231 	4.452 	2.674 	8.367 	28	1.743 	0.910 	1.514 	0.913 	3.018 	26	0.0239 	0.0114 	0.0234 	0.0105 	0.0358 	0	#DIV/0!	#DIV/0!	#NUM!	#NUM!	#NUM!	28	0.2182 	0.1271 	0.1893 	0.0973 	0.3433 
	2-1-1990	30	9.560 	5.439 	9.761 	3.446 	12.973 	30	0.884 	0.795 	0.556 	0.294 	1.584 	30	3.132 	1.824 	2.567 	1.778 	4.804 	30	5.712 	3.047 	5.762 	2.619 	7.853 	30	1.694 	1.323 	1.246 	0.696 	2.597 	30	0.0182 	0.0135 	0.0153 	0.0093 	0.0218 	0	#DIV/0!	#DIV/0!	#NUM!	#NUM!	#NUM!	27	0.1585 	0.1545 	0.1142 	0.0519 	0.2294 
	3-1-1990	28	6.096 	3.574 	6.398 	2.084 	10.359 	28	1.602 	1.474 	1.161 	0.476 	2.776 	28	5.759 	4.584 	3.662 	1.797 	10.950 	28	4.213 	1.925 	3.860 	2.234 	6.697 	28	4.698 	4.670 	2.561 	1.067 	10.156 	23	0.0376 	0.0226 	0.0387 	0.0118 	0.0595 	0	#DIV/0!	#DIV/0!	#NUM!	#NUM!	#NUM!	28	0.6784 	0.8715 	0.2339 	0.1074 	1.4823 
	4-1-1990	28	7.809 	4.681 	6.973 	3.479 	12.009 	28	1.009 	0.723 	0.828 	0.401 	1.492 	28	3.562 	1.690 	3.334 	1.498 	5.305 	28	4.823 	2.576 	4.282 	2.660 	7.542 	28	2.348 	1.632 	1.989 	0.686 	4.160 	27	0.0273 	0.0141 	0.0245 	0.0168 	0.0332 	0	#DIV/0!	#DIV/0!	#NUM!	#NUM!	#NUM!	28	0.3424 	0.2976 	0.2496 	0.1197 	0.5247 
	5-1-1990	28	5.967 	3.371 	5.369 	3.008 	8.786 	28	1.778 	1.137 	1.616 	0.636 	3.186 	28	4.632 	2.453 	3.905 	2.467 	6.672 	28	4.129 	1.630 	3.786 	2.857 	5.695 	28	3.593 	2.412 	3.220 	1.347 	5.809 	25	0.0575 	0.0296 	0.0505 	0.0295 	0.0917 	0	#DIV/0!	#DIV/0!	#NUM!	#NUM!	#NUM!	28	0.5598 	0.4323 	0.4268 	0.2008 	0.9651 
	6-1-1990	23	3.663 	1.277 	3.707 	2.442 	5.139 	23	0.778 	0.396 	0.616 	0.486 	1.212 	23	2.265 	1.030 	2.165 	1.447 	2.745 	22	2.294 	0.717 	2.330 	1.530 	2.856 	22	1.661 	1.082 	1.336 	0.860 	2.015 	16	0.0579 	0.0174 	0.0518 	0.0465 	0.0761 	0	#DIV/0!	#DIV/0!	#NUM!	#NUM!	#NUM!	23	0.2490 	0.1637 	0.2072 	0.1394 	0.3138 
	7-1-1990	25	4.474 	2.528 	3.835 	1.498 	7.061 	25	1.103 	0.936 	0.780 	0.585 	1.469 	25	2.105 	0.644 	1.981 	1.595 	2.718 	25	2.767 	1.382 	2.757 	1.271 	4.430 	25	1.409 	0.586 	1.378 	0.871 	1.965 	21	0.0433 	0.0125 	0.0434 	0.0324 	0.0533 	0	#DIV/0!	#DIV/0!	#NUM!	#NUM!	#NUM!	25	0.2362 	0.1231 	0.2338 	0.1286 	0.3074 
	8-1-1990	27	2.668 	2.321 	2.390 	1.434 	3.684 	27	0.977 	0.669 	0.756 	0.490 	1.620 	27	6.326 	8.028 	2.181 	1.329 	11.476 	27	2.081 	1.511 	1.526 	1.074 	2.745 	27	5.802 	7.939 	1.680 	0.891 	9.675 	25	0.0361 	0.0137 	0.0353 	0.0250 	0.0423 	0	#DIV/0!	#DIV/0!	#NUM!	#NUM!	#NUM!	27	0.6217 	0.7154 	0.2620 	0.1442 	1.3346 
	9-1-1990	29	5.352 	2.804 	5.575 	2.228 	7.916 	29	0.985 	0.676 	0.800 	0.443 	1.563 	29	3.121 	2.130 	2.187 	1.324 	6.007 	29	3.525 	1.670 	3.612 	1.867 	4.750 	29	2.234 	2.027 	1.389 	0.534 	4.940 	28	0.0317 	0.0213 	0.0313 	0.0132 	0.0446 	0	#DIV/0!	#DIV/0!	#NUM!	#NUM!	#NUM!	29	0.3412 	0.4486 	0.1908 	0.0813 	0.5631 
	10-1-1990	26	8.232 	3.708 	8.450 	4.343 	11.992 	26	0.927 	0.472 	0.907 	0.398 	1.360 	26	2.737 	1.430 	2.435 	1.606 	3.478 	26	5.215 	2.000 	5.326 	3.252 	7.007 	26	1.425 	1.276 	1.020 	0.655 	1.830 	24	0.0231 	0.0142 	0.0221 	0.0086 	0.0340 	0	#DIV/0!	#DIV/0!	#NUM!	#NUM!	#NUM!	26	0.2460 	0.2265 	0.1393 	0.0748 	0.4753 
	11-1-1990	27	8.969 	7.358 	6.861 	3.848 	13.349 	27	1.298 	0.689 	1.204 	0.681 	1.936 	27	3.048 	1.384 	2.778 	1.823 	4.505 	27	5.489 	4.080 	4.492 	2.535 	7.673 	27	1.666 	0.848 	1.623 	0.901 	2.407 	25	0.0114 	0.0101 	0.0090 	0.0038 	0.0164 	0	#DIV/0!	#DIV/0!	#NUM!	#NUM!	#NUM!	27	0.2660 	0.1934 	0.2014 	0.1133 	0.4076 
	12-1-1990	31	9.162 	4.474 	8.451 	4.223 	13.214 	31	1.050 	1.023 	0.767 	0.272 	1.722 	31	2.803 	1.480 	2.693 	1.428 	4.135 	31	5.538 	2.517 	5.390 	3.144 	7.943 	31	1.409 	1.214 	0.826 	0.322 	2.548 	30	0.0077 	0.0040 	0.0073 	0.0047 	0.0124 	0	#DIV/0!	#DIV/0!	#NUM!	#NUM!	#NUM!	31	0.1590 	0.1500 	0.1034 	0.0413 	0.2971 
	1-1-1991	28	7.410 	5.107 	7.198 	2.014 	10.438 	28	0.898 	0.979 	0.528 	0.305 	1.311 	28	2.558 	1.591 	2.424 	0.779 	4.381 	28	4.479 	2.929 	4.459 	1.277 	6.308 	26	1.492 	1.384 	0.718 	0.342 	2.914 	26	0.0182 	0.0129 	0.0195 	0.0046 	0.0275 	0	#DIV/0!	#DIV/0!	#NUM!	#NUM!	#NUM!	28	0.1532 	0.1212 	0.1416 	0.0503 	0.2552 
	2-1-1991	30	9.529 	5.437 	7.930 	3.914 	15.278 	30	0.847 	0.539 	0.801 	0.294 	1.480 	30	2.988 	1.473 	2.569 	1.622 	5.078 	30	5.622 	2.949 	4.928 	2.442 	8.854 	30	1.573 	1.013 	1.448 	0.573 	2.754 	29	0.0150 	0.0123 	0.0130 	0.0033 	0.0265 	0	#DIV/0!	#DIV/0!	#NUM!	#NUM!	#NUM!	30	0.1862 	0.1205 	0.1541 	0.0690 	0.3071 
	3-1-1991	28	11.012 	7.449 	9.162 	4.927 	15.289 	28	1.189 	0.800 	1.050 	0.451 	1.666 	28	4.126 	1.943 	3.776 	2.215 	6.797 	28	6.789 	4.343 	5.550 	3.353 	9.193 	28	2.417 	1.781 	2.251 	0.574 	3.754 	22	0.0248 	0.0194 	0.0170 	0.0097 	0.0462 	0	#DIV/0!	#DIV/0!	#NUM!	#NUM!	#NUM!	28	0.3832 	0.3266 	0.2579 	0.1203 	0.7001 
	4-1-1991	20	4.871 	3.032 	3.844 	2.459 	8.540 	20	1.322 	1.072 	0.909 	0.572 	2.269 	20	4.069 	2.916 	2.982 	1.639 	6.614 	20	3.227 	1.653 	2.767 	1.617 	4.998 	20	3.256 	2.998 	1.802 	1.045 	5.762 	16	0.0523 	0.0197 	0.0469 	0.0347 	0.0765 	0	#DIV/0!	#DIV/0!	#NUM!	#NUM!	#NUM!	20	0.4795 	0.4879 	0.3125 	0.1436 	0.7006 
	5-1-1991	19	3.406 	1.881 	3.262 	1.931 	5.122 	19	1.618 	0.856 	1.310 	1.070 	2.382 	19	3.997 	3.843 	2.703 	1.904 	3.746 	19	2.485 	1.193 	2.278 	1.440 	4.052 	19	3.371 	3.725 	2.083 	1.473 	3.433 	15	0.0847 	0.0522 	0.0849 	0.0357 	0.1164 	0	#DIV/0!	#DIV/0!	#NUM!	#NUM!	#NUM!	19	0.5463 	0.6262 	0.3450 	0.2216 	0.5443 
	6-1-1991	22	5.495 	3.834 	5.037 	1.580 	9.205 	22	0.962 	0.676 	0.686 	0.475 	1.229 	22	2.919 	2.004 	2.548 	1.538 	4.002 	22	3.493 	2.124 	3.278 	1.239 	5.344 	22	2.040 	1.958 	1.410 	0.966 	2.489 	19	0.0745 	0.0281 	0.0733 	0.0537 	0.0849 	0	#DIV/0!	#DIV/0!	#NUM!	#NUM!	#NUM!	22	0.3263 	0.4212 	0.1765 	0.0886 	0.5347 
	7-1-1991	25	4.161 	2.066 	3.763 	2.313 	6.657 	25	0.744 	0.254 	0.659 	0.532 	1.014 	25	2.357 	1.477 	1.768 	1.422 	3.039 	23	2.296 	0.983 	2.221 	1.386 	3.060 	23	1.789 	1.459 	1.256 	1.092 	2.349 	25	0.0581 	0.0210 	0.0568 	0.0381 	0.0739 	0	#DIV/0!	#DIV/0!	#NUM!	#NUM!	#NUM!	23	0.1818 	0.1768 	0.1344 	0.0900 	0.2304 
	8-1-1991	30	3.465 	2.346 	2.847 	1.351 	6.413 	30	0.852 	0.531 	0.784 	0.447 	1.122 	30	2.885 	1.824 	2.143 	1.314 	4.954 	30	2.287 	1.361 	1.886 	1.073 	3.983 	30	2.309 	1.821 	1.485 	0.813 	4.512 	28	0.0504 	0.0157 	0.0535 	0.0368 	0.0619 	0	#DIV/0!	#DIV/0!	#NUM!	#NUM!	#NUM!	30	0.3143 	0.2779 	0.2187 	0.0487 	0.5726 
	9-1-1991	27	7.956 	8.093 	5.285 	2.235 	11.584 	27	0.603 	0.486 	0.426 	0.234 	0.778 	27	2.336 	1.897 	1.644 	1.141 	3.570 	27	4.602 	4.915 	3.094 	1.623 	6.549 	23	1.168 	1.277 	0.746 	0.405 	1.679 	22	0.0269 	0.0067 	0.0280 	0.0222 	0.0324 	0	#DIV/0!	#DIV/0!	#NUM!	#NUM!	#NUM!	27	0.2289 	0.1674 	0.1522 	0.0795 	0.3680 
	10-1-1991	24	8.026 	4.238 	7.597 	4.732 	9.987 	24	1.290 	1.179 	0.893 	0.269 	2.353 	24	3.482 	2.039 	2.804 	1.581 	5.552 	24	4.805 	2.254 	4.605 	2.790 	6.113 	23	2.278 	2.079 	1.656 	0.482 	4.151 	16	0.0250 	0.0112 	0.0270 	0.0146 	0.0342 	0	#DIV/0!	#DIV/0!	#NUM!	#NUM!	#NUM!	24	0.3886 	0.5084 	0.2560 	0.1382 	0.4620 
	11-1-1991	22	5.995 	3.533 	5.584 	2.728 	8.930 	22	1.321 	0.808 	1.052 	0.623 	2.107 	22	2.896 	1.127 	2.797 	1.947 	3.881 	22	3.843 	1.661 	3.275 	2.388 	5.478 	22	1.929 	1.206 	1.540 	0.882 	3.128 	17	0.0236 	0.0149 	0.0190 	0.0117 	0.0363 	0	#DIV/0!	#DIV/0!	#NUM!	#NUM!	#NUM!	22	0.2849 	0.1217 	0.2329 	0.1790 	0.4022 
	12-1-1991	27	5.887 	3.637 	5.002 	3.222 	7.836 	27	1.374 	1.316 	1.029 	0.574 	1.763 	27	2.657 	0.894 	2.714 	1.655 	3.490 	27	3.811 	2.168 	3.272 	2.455 	4.810 	26	1.698 	0.641 	1.577 	0.899 	2.193 	22	0.0160 	0.0107 	0.0118 	0.0071 	0.0285 	0	#DIV/0!	#DIV/0!	#NUM!	#NUM!	#NUM!	27	0.2074 	0.1023 	0.1842 	0.1242 	0.3039 
	1-1-1992	27	10.314 	9.473 	6.770 	4.656 	13.130 	27	1.299 	0.693 	1.164 	0.847 	2.058 	27	3.574 	1.889 	3.215 	2.410 	4.813 	27	6.555 	5.660 	4.574 	3.160 	8.398 	24	1.931 	1.031 	1.616 	0.993 	3.001 	26	0.0083 	0.0046 	0.0069 	0.0056 	0.0117 	0	#DIV/0!	#DIV/0!	#NUM!	#NUM!	#NUM!	27	0.2264 	0.1231 	0.1970 	0.1237 	0.3570 
	2-1-1992	23	10.168 	5.166 	8.997 	5.504 	12.048 	23	1.033 	0.544 	1.076 	0.463 	1.376 	23	3.145 	1.463 	2.969 	1.537 	4.224 	23	6.021 	2.889 	5.442 	3.121 	7.680 	21	1.546 	0.983 	1.525 	0.737 	2.028 	20	0.0172 	0.0142 	0.0118 	0.0055 	0.0337 	0	#DIV/0!	#DIV/0!	#NUM!	#NUM!	#NUM!	23	0.2254 	0.1442 	0.1611 	0.1263 	0.3645 
	3-1-1992	26	8.138 	4.254 	6.949 	4.443 	13.763 	26	1.454 	0.603 	1.385 	0.762 	2.047 	26	4.250 	1.074 	3.776 	3.559 	5.132 	25	5.062 	2.160 	4.391 	3.389 	7.715 	25	2.981 	1.370 	2.620 	1.523 	4.263 	24	0.0170 	0.0083 	0.0158 	0.0086 	0.0251 	0	#DIV/0!	#DIV/0!	#NUM!	#NUM!	#NUM!	26	0.4527 	0.2694 	0.4404 	0.2036 	0.6854 
	4-1-1992	16	8.709 	9.260 	4.949 	2.181 	20.002 	16	1.226 	0.569 	1.213 	0.525 	1.906 	16	4.171 	1.363 	4.118 	2.851 	4.910 	16	5.420 	4.809 	4.027 	1.858 	11.194 	13	3.201 	1.516 	3.091 	2.112 	4.412 	16	0.0314 	0.0226 	0.0267 	0.0066 	0.0493 	0	#DIV/0!	#DIV/0!	#NUM!	#NUM!	#NUM!	16	0.4024 	0.3003 	0.3989 	0.0693 	0.5816 
	5-1-1992	29	5.882 	5.759 	4.503 	1.003 	7.572 	29	0.844 	0.673 	0.569 	0.309 	1.277 	29	3.259 	3.413 	1.648 	1.245 	4.816 	29	3.567 	3.120 	2.656 	0.836 	5.025 	27	2.506 	3.652 	1.002 	0.352 	4.561 	19	0.0598 	0.0255 	0.0550 	0.0365 	0.0831 	0	#DIV/0!	#DIV/0!	#NUM!	#NUM!	#NUM!	29	0.4099 	0.3970 	0.2215 	0.1321 	0.7231 
	6-1-1992	27	6.175 	3.341 	6.857 	2.561 	7.783 	27	0.616 	0.300 	0.596 	0.346 	0.888 	27	2.183 	1.028 	1.978 	1.284 	3.092 	27	3.599 	1.856 	3.774 	1.383 	4.701 	27	1.277 	0.886 	1.019 	0.794 	1.478 	23	0.0467 	0.0228 	0.0426 	0.0349 	0.0598 	0	#DIV/0!	#DIV/0!	#NUM!	#NUM!	#NUM!	27	0.2001 	0.1687 	0.1444 	0.0892 	0.2331 
	7-1-1992	28	4.102 	2.236 	3.408 	2.018 	6.848 	28	1.264 	0.574 	1.364 	0.733 	1.727 	28	3.478 	1.879 	2.997 	2.079 	4.843 	28	2.830 	1.235 	2.421 	1.835 	4.531 	28	2.765 	1.826 	2.463 	1.327 	3.643 	28	0.0599 	0.0210 	0.0654 	0.0441 	0.0813 	0	#DIV/0!	#DIV/0!	#NUM!	#NUM!	#NUM!	28	0.3366 	0.2489 	0.2906 	0.1449 	0.4534 
	8-1-1992	29	3.649 	1.890 	3.426 	1.957 	5.610 	29	0.530 	0.234 	0.495 	0.365 	0.703 	29	1.774 	0.978 	1.615 	1.191 	2.184 	29	2.265 	0.979 	2.098 	1.251 	3.391 	29	1.204 	0.953 	0.930 	0.722 	1.495 	26	0.0428 	0.0109 	0.0448 	0.0295 	0.0520 	0	#DIV/0!	#DIV/0!	#NUM!	#NUM!	#NUM!	29	0.2148 	0.1509 	0.1521 	0.0979 	0.3516 
	9-1-1992	26	4.881 	3.118 	3.475 	2.289 	7.876 	26	0.741 	0.493 	0.595 	0.367 	1.176 	26	1.953 	0.807 	1.800 	1.280 	2.759 	26	2.894 	1.866 	2.231 	1.173 	4.801 	26	1.225 	0.830 	0.938 	0.539 	1.887 	21	0.0374 	0.0136 	0.0361 	0.0248 	0.0471 	0	#DIV/0!	#DIV/0!	#NUM!	#NUM!	#NUM!	26	0.1967 	0.1339 	0.1316 	0.0702 	0.3172 
	10-1-1992	17	6.556 	4.064 	6.011 	3.295 	8.767 	17	0.994 	0.745 	0.699 	0.444 	1.611 	17	2.847 	1.591 	2.339 	1.281 	4.800 	17	4.275 	1.955 	3.678 	2.735 	5.308 	15	1.630 	1.496 	0.931 	0.493 	3.792 	13	0.0241 	0.0091 	0.0254 	0.0139 	0.0317 	0	#DIV/0!	#DIV/0!	#NUM!	#NUM!	#NUM!	17	0.3147 	0.2078 	0.2153 	0.1167 	0.5821 
	11-1-1992	11	6.152 	3.296 	5.396 	3.436 	9.503 	11	0.399 	0.122 	0.367 	0.284 	0.512 	11	1.436 	0.543 	1.313 	0.999 	1.970 	11	3.466 	1.783 	3.012 	1.924 	5.106 	11	0.564 	0.170 	0.555 	0.358 	0.728 	8	0.0266 	0.0145 	0.0247 	0.0113 	0.0395 	0	#DIV/0!	#DIV/0!	#NUM!	#NUM!	#NUM!	11	0.1284 	0.0695 	0.1452 	0.0495 	0.1791 
	12-1-1992	26	9.393 	3.686 	8.782 	5.190 	14.298 	26	1.236 	0.934 	1.023 	0.545 	1.737 	26	3.014 	1.058 	3.119 	1.861 	4.237 	26	5.774 	2.181 	5.706 	3.336 	8.102 	22	1.672 	1.079 	1.227 	0.439 	2.830 	21	0.0083 	0.0056 	0.0076 	0.0022 	0.0156 	0	#DIV/0!	#DIV/0!	#NUM!	#NUM!	#NUM!	26	0.2227 	0.1590 	0.1810 	0.0606 	0.3217 
	1-1-1993	25	5.920 	2.536 	5.889 	3.916 	8.646 	25	0.705 	0.797 	0.385 	0.188 	1.162 	25	1.752 	1.037 	1.493 	0.917 	3.009 	25	3.411 	1.473 	3.211 	2.329 	4.790 	25	0.893 	0.908 	0.598 	0.231 	1.487 	23	0.0095 	0.0088 	0.0078 	0.0014 	0.0206 	0	#DIV/0!	#DIV/0!	#NUM!	#NUM!	#NUM!	25	0.1124 	0.0767 	0.0868 	0.0563 	0.2061 
	2-1-1993	27	7.276 	4.375 	6.713 	3.754 	9.821 	27	0.808 	0.254 	0.793 	0.598 	0.960 	27	2.606 	0.859 	2.448 	1.738 	3.397 	27	4.419 	2.513 	3.959 	2.519 	5.685 	26	1.527 	0.789 	1.523 	0.976 	1.864 	24	0.0056 	0.0035 	0.0046 	0.0028 	0.0087 	0	#DIV/0!	#DIV/0!	#NUM!	#NUM!	#NUM!	27	0.1788 	0.1080 	0.1653 	0.0727 	0.3166 
	3-1-1993	29	8.779 	5.209 	7.836 	4.436 	14.177 	29	1.194 	0.720 	1.374 	0.367 	1.970 	29	4.239 	2.026 	4.135 	2.214 	6.270 	29	5.632 	2.844 	5.566 	3.251 	8.335 	27	2.970 	2.042 	2.659 	0.730 	5.058 	28	0.0199 	0.0138 	0.0159 	0.0083 	0.0305 	0	#DIV/0!	#DIV/0!	#NUM!	#NUM!	#NUM!	29	0.3810 	0.2257 	0.3438 	0.1364 	0.6755 
	4-1-1993	24	9.440 	6.877 	8.021 	4.622 	10.354 	24	1.019 	0.647 	0.719 	0.526 	1.606 	24	3.637 	2.004 	3.066 	1.802 	5.821 	24	5.726 	4.061 	4.842 	2.642 	6.331 	22	2.303 	1.818 	1.817 	0.708 	4.393 	20	0.0387 	0.0148 	0.0406 	0.0242 	0.0492 	1	0.147 	#DIV/0!	0.147 	0.147 	0.147 	24	0.3850 	0.2494 	0.2797 	0.1480 	0.6831 
	5-1-1993	23	6.728 	6.195 	5.687 	2.988 	7.874 	23	1.176 	0.651 	1.012 	0.546 	1.897 	23	3.340 	1.285 	3.116 	2.093 	4.682 	23	4.085 	3.285 	3.746 	1.881 	4.568 	22	2.328 	1.150 	2.073 	1.145 	3.759 	20	0.0543 	0.0215 	0.0569 	0.0331 	0.0676 	5	1.644 	0.968 	1.085 	0.970 	2.524 	23	0.4820 	0.3127 	0.3830 	0.1517 	0.7386 
	6-1-1993	22	5.603 	2.636 	4.750 	3.780 	7.183 	22	0.907 	0.555 	0.738 	0.550 	1.462 	22	2.211 	0.870 	2.110 	1.377 	2.715 	22	3.266 	1.452 	2.954 	2.342 	4.195 	22	1.389 	0.817 	1.245 	0.712 	1.844 	19	0.0517 	0.0227 	0.0559 	0.0239 	0.0781 	18	0.871 	0.749 	0.566 	0.249 	1.615 	22	0.2916 	0.1756 	0.2758 	0.1049 	0.4495 
	7-1-1993	13	5.216 	1.698 	4.906 	3.385 	6.270 	13	0.945 	0.525 	0.817 	0.601 	1.165 	13	2.270 	0.884 	2.227 	1.335 	2.988 	13	3.104 	0.874 	3.092 	2.428 	3.783 	13	1.488 	0.828 	1.549 	0.695 	2.183 	12	0.0545 	0.0302 	0.0592 	0.0179 	0.0798 	8	7.115 	11.804 	1.033 	0.264 	23.242 	13	0.3223 	0.1919 	0.2501 	0.1792 	0.4766 
	8-1-1993	26	5.528 	1.572 	5.681 	4.616 	5.809 	26	1.034 	0.228 	0.979 	0.863 	1.260 	26	3.529 	1.150 	3.576 	2.187 	3.982 	26	3.541 	0.913 	4.004 	2.507 	4.004 	26	2.638 	1.144 	2.569 	1.769 	3.199 	23	0.0553 	0.0233 	0.0396 	0.0396 	0.0771 	26	24.971 	28.318 	5.555 	3.681 	67.051 	26	0.3548 	0.1918 	0.2881 	0.2501 	0.3813 
	9-1-1993	28	3.931 	2.133 	4.199 	1.652 	6.305 	28	0.790 	0.410 	0.609 	0.460 	1.174 	28	3.118 	1.643 	2.620 	1.569 	4.630 	28	2.627 	1.079 	2.794 	1.343 	3.658 	28	2.457 	1.728 	1.903 	0.831 	4.089 	26	0.0485 	0.0127 	0.0477 	0.0375 	0.0624 	23	1.545 	1.810 	0.767 	0.266 	3.341 	28	0.3797 	0.2875 	0.3362 	0.1441 	0.6123 
	10-1-1993	27	6.402 	2.799 	6.107 	3.195 	8.290 	27	0.860 	0.626 	0.647 	0.352 	1.388 	27	2.409 	1.189 	2.317 	1.198 	3.717 	27	3.915 	1.634 	3.953 	1.930 	5.249 	27	1.423 	0.971 	1.126 	0.490 	2.231 	16	0.0263 	0.0121 	0.0221 	0.0161 	0.0418 	0	#DIV/0!	#DIV/0!	#NUM!	#NUM!	#NUM!	27	0.3280 	0.2261 	0.2599 	0.1359 	0.6061 
	11-1-1993	24	9.647 	8.223 	7.040 	3.876 	15.802 	24	1.236 	1.205 	0.892 	0.389 	2.180 	24	3.119 	1.607 	2.606 	1.770 	4.456 	24	5.540 	4.533 	4.041 	2.403 	8.849 	20	1.789 	1.132 	1.324 	0.984 	3.174 	10	0.0345 	0.0238 	0.0313 	0.0113 	0.0601 	0	#DIV/0!	#DIV/0!	#NUM!	#NUM!	#NUM!	24	0.4861 	0.3115 	0.4029 	0.1885 	0.7912 
	12-1-1993	26	9.442 	3.580 	10.518 	5.671 	13.340 	26	1.140 	0.762 	0.950 	0.560 	1.428 	26	3.007 	1.154 	2.821 	2.129 	4.516 	26	5.945 	2.405 	6.337 	2.881 	9.001 	25	1.516 	0.890 	1.305 	0.591 	2.250 	23	0.0111 	0.0041 	0.0130 	0.0061 	0.0148 	0	#DIV/0!	#DIV/0!	#NUM!	#NUM!	#NUM!	26	0.2120 	0.1271 	0.2083 	0.0663 	0.3615 
	1-1-1994	22	14.094 	10.980 	11.948 	6.191 	19.243 	22	0.934 	0.580 	0.807 	0.468 	1.396 	22	3.741 	2.154 	2.984 	2.410 	4.230 	22	8.090 	6.333 	6.607 	4.179 	10.705 	17	1.677 	0.902 	1.363 	0.772 	2.640 	14	0.0337 	0.0601 	0.0094 	0.0062 	0.0194 	0	#DIV/0!	#DIV/0!	#NUM!	#NUM!	#NUM!	22	0.2985 	0.2008 	0.2244 	0.1451 	0.4538 
	2-1-1994	29	7.195 	2.832 	6.596 	4.522 	8.843 	29	0.904 	0.436 	0.819 	0.591 	1.098 	29	2.661 	0.815 	2.950 	1.835 	3.210 	29	4.599 	1.614 	4.295 	3.311 	5.354 	25	1.570 	0.760 	1.639 	0.797 	2.201 	26	0.0215 	0.0126 	0.0201 	0.0118 	0.0309 	0	#DIV/0!	#DIV/0!	#NUM!	#NUM!	#NUM!	29	0.2626 	0.1463 	0.1997 	0.1780 	0.4450 
	3-1-1994	21	7.106 	2.822 	7.140 	4.291 	9.936 	21	1.579 	0.786 	1.396 	0.693 	2.189 	21	3.811 	1.433 	3.901 	2.198 	5.250 	21	4.775 	1.789 	5.377 	2.669 	5.972 	20	2.560 	1.170 	2.696 	1.433 	3.752 	21	0.0249 	0.0179 	0.0126 	0.0102 	0.0503 	0	#DIV/0!	#DIV/0!	#NUM!	#NUM!	#NUM!	21	0.4912 	0.2449 	0.4073 	0.3094 	0.7962 
	4-1-1994	16	5.315 	3.137 	5.208 	2.081 	9.306 	16	1.069 	0.620 	0.832 	0.573 	1.797 	16	2.505 	0.895 	2.340 	1.896 	3.389 	16	3.353 	1.719 	3.163 	1.619 	5.314 	16	1.661 	0.764 	1.459 	1.012 	2.302 	12	0.0558 	0.0149 	0.0568 	0.0369 	0.0702 	0	#DIV/0!	#DIV/0!	#NUM!	#NUM!	#NUM!	16	0.3360 	0.1970 	0.2670 	0.1608 	0.5341 
	5-1-1994	26	4.889 	2.332 	4.342 	3.256 	8.687 	26	1.027 	0.783 	0.642 	0.462 	1.822 	26	2.264 	1.075 	1.921 	1.306 	4.024 	26	3.228 	1.447 	2.971 	2.055 	5.075 	26	1.451 	1.041 	1.255 	0.462 	3.100 	23	0.0515 	0.0267 	0.0560 	0.0221 	0.0808 	1	0.348 	#DIV/0!	0.348 	0.348 	0.348 	26	0.3120 	0.2319 	0.2575 	0.1364 	0.5333 
	6-1-1994	19	4.278 	2.830 	4.548 	1.199 	6.429 	19	1.119 	0.794 	0.950 	0.494 	1.804 	19	3.918 	3.218 	2.594 	1.336 	6.497 	19	2.899 	1.452 	2.823 	1.573 	4.349 	19	3.188 	3.200 	1.499 	0.837 	5.323 	15	0.0599 	0.0258 	0.0553 	0.0401 	0.0848 	19	5.187 	8.182 	1.345 	0.828 	13.172 	19	0.5454 	0.6568 	0.2214 	0.1098 	0.8821 
	7-1-1994	24	2.842 	1.784 	2.442 	1.409 	3.969 	24	0.772 	0.373 	0.731 	0.390 	1.127 	24	3.477 	4.197 	2.496 	1.339 	4.187 	24	2.075 	0.858 	1.905 	1.329 	2.948 	24	2.954 	4.182 	1.679 	0.971 	3.673 	22	0.0464 	0.0148 	0.0505 	0.0293 	0.0574 	23	4.096 	3.953 	1.785 	1.082 	8.829 	24	0.3870 	0.4096 	0.2433 	0.1704 	0.4944 
	8-1-1994	23	4.465 	2.461 	4.446 	2.055 	7.144 	23	0.532 	0.220 	0.463 	0.412 	0.570 	23	1.706 	0.719 	1.909 	1.044 	2.212 	23	2.618 	1.315 	2.365 	1.320 	3.962 	23	1.047 	0.471 	1.063 	0.606 	1.279 	15	0.0383 	0.0161 	0.0327 	0.0275 	0.0449 	22	2.894 	5.139 	1.429 	0.613 	2.912 	23	0.2346 	0.1235 	0.2243 	0.1227 	0.3918 
	9-1-1994	28	3.870 	2.549 	3.111 	1.892 	6.012 	28	0.922 	0.607 	0.683 	0.447 	1.611 	28	2.492 	2.096 	1.715 	1.466 	2.962 	28	2.601 	1.374 	2.115 	1.553 	3.655 	28	1.838 	2.136 	1.113 	0.691 	2.186 	26	0.0387 	0.0172 	0.0364 	0.0232 	0.0487 	27	4.227 	6.732 	1.617 	0.345 	4.978 	28	0.3466 	0.4060 	0.2027 	0.1226 	0.5178 
	10-1-1994	31	8.072 	4.492 	7.832 	4.011 	13.482 	31	0.784 	0.799 	0.499 	0.217 	1.545 	31	2.387 	1.252 	2.241 	1.311 	2.952 	31	4.874 	2.391 	4.369 	2.510 	7.831 	30	1.102 	1.207 	0.621 	0.198 	1.983 	28	0.0213 	0.0119 	0.0191 	0.0116 	0.0301 	0	#DIV/0!	#DIV/0!	#NUM!	#NUM!	#NUM!	31	0.2362 	0.1938 	0.1634 	0.0933 	0.4362 
	11-1-1994	28	9.940 	2.879 	9.498 	7.303 	12.046 	28	0.927 	0.475 	0.849 	0.438 	1.417 	28	2.594 	0.890 	2.496 	1.731 	3.181 	28	6.227 	1.792 	6.275 	4.862 	7.406 	25	1.076 	0.654 	1.097 	0.409 	1.601 	25	0.0195 	0.0082 	0.0179 	0.0113 	0.0282 	0	#DIV/0!	#DIV/0!	#NUM!	#NUM!	#NUM!	28	0.2249 	0.1062 	0.2237 	0.1031 	0.3331 
	12-1-1994	24	7.653 	2.482 	7.641 	4.941 	11.592 	24	0.839 	0.722 	0.470 	0.333 	1.726 	24	2.257 	1.280 	1.604 	1.365 	4.012 	24	4.927 	1.806 	4.485 	3.074 	8.006 	24	1.017 	1.017 	0.633 	0.308 	1.997 	21	0.0147 	0.0076 	0.0106 	0.0071 	0.0236 	0	#DIV/0!	#DIV/0!	#NUM!	#NUM!	#NUM!	24	0.1873 	0.1723 	0.1403 	0.0803 	0.2803 
	1-1-1995	25	8.735 	11.210 	6.538 	1.144 	11.461 	25	1.371 	2.545 	0.611 	0.169 	1.431 	25	2.917 	4.616 	1.423 	0.512 	2.955 	25	5.608 	7.532 	4.233 	0.739 	7.020 	21	0.766 	0.774 	0.583 	0.210 	1.169 	24	0.0109 	0.0112 	0.0083 	0.0019 	0.0137 	0	#DIV/0!	#DIV/0!	#NUM!	#NUM!	#NUM!	25	0.2333 	0.2648 	0.1618 	0.0530 	0.3329 
	2-1-1995	23	8.570 	2.402 	8.926 	6.619 	9.707 	23	0.949 	0.585 	0.744 	0.599 	1.152 	23	2.982 	0.701 	2.710 	2.189 	3.735 	23	5.262 	1.146 	5.449 	4.497 	5.733 	23	1.657 	0.762 	1.339 	0.823 	2.585 	22	0.0132 	0.0091 	0.0093 	0.0050 	0.0252 	0	#DIV/0!	#DIV/0!	#NUM!	#NUM!	#NUM!	23	0.1909 	0.1163 	0.1503 	0.0835 	0.3488 
	3-1-1995	27	6.433 	3.573 	5.320 	3.157 	8.289 	27	1.119 	0.931 	0.780 	0.348 	1.490 	27	3.289 	2.357 	2.504 	1.116 	4.327 	27	4.043 	1.996 	3.364 	2.497 	5.559 	27	2.271 	2.328 	1.493 	0.482 	3.169 	27	0.0173 	0.0100 	0.0131 	0.0075 	0.0263 	0	#DIV/0!	#DIV/0!	#NUM!	#NUM!	#NUM!	27	0.5515 	0.5871 	0.3248 	0.1275 	0.8644 
	4-1-1995	18	5.902 	2.863 	5.464 	3.569 	9.972 	18	1.318 	0.580 	1.333 	0.682 	1.842 	18	3.852 	1.952 	3.698 	1.935 	5.511 	18	3.882 	1.456 	3.514 	2.787 	5.754 	18	2.875 	2.010 	2.800 	1.108 	4.471 	17	0.0527 	0.0468 	0.0277 	0.0166 	0.1101 	0	#DIV/0!	#DIV/0!	#NUM!	#NUM!	#NUM!	18	0.6012 	0.4065 	0.5173 	0.2083 	1.0665 
	5-1-1995	23	5.131 	1.498 	5.057 	3.693 	6.949 	23	1.098 	0.767 	0.727 	0.490 	1.781 	23	2.723 	1.585 	1.884 	1.512 	4.910 	23	3.310 	0.810 	3.135 	2.616 	3.976 	23	1.890 	1.501 	1.197 	0.761 	3.818 	21	0.0518 	0.0335 	0.0445 	0.0197 	0.0731 	2	0.606 	0.000 	0.606 	0.606 	0.606 	23	0.4435 	0.3807 	0.2725 	0.1310 	0.9097 
	6-1-1995	27	3.364 	1.692 	3.151 	1.560 	5.369 	27	0.821 	0.350 	0.727 	0.596 	0.935 	27	2.351 	1.051 	2.217 	1.441 	3.551 	27	2.250 	0.904 	1.985 	1.223 	3.179 	27	1.785 	1.099 	1.695 	0.692 	3.272 	27	0.0591 	0.0168 	0.0570 	0.0453 	0.0731 	27	1.169 	1.682 	0.714 	0.401 	0.897 	27	0.2876 	0.2056 	0.2099 	0.1239 	0.5361 
	7-1-1995	28	3.234 	1.686 	2.892 	1.804 	4.864 	28	0.684 	0.345 	0.662 	0.430 	0.882 	28	1.620 	0.633 	1.483 	1.213 	1.877 	28	2.011 	0.903 	1.779 	1.321 	2.737 	28	1.113 	0.655 	0.948 	0.709 	1.286 	26	0.0486 	0.0160 	0.0485 	0.0353 	0.0643 	28	5.539 	11.037 	0.904 	0.343 	10.510 	28	0.2013 	0.1540 	0.1637 	0.1133 	0.2274 
	8-1-1995	23	4.464 	3.095 	3.956 	2.077 	6.657 	23	0.604 	0.307 	0.506 	0.373 	0.895 	23	2.058 	0.649 	1.862 	1.496 	2.825 	23	2.693 	1.669 	2.321 	1.564 	4.068 	23	1.380 	0.642 	1.370 	0.748 	1.868 	21	0.0473 	0.0231 	0.0361 	0.0296 	0.0718 	23	2.563 	1.985 	1.730 	1.306 	4.265 	23	0.2369 	0.1675 	0.1587 	0.1206 	0.3846 
	9-1-1995	19	6.743 	4.830 	5.250 	2.867 	12.972 	19	0.688 	0.361 	0.621 	0.463 	0.912 	19	2.100 	0.652 	2.129 	1.525 	2.803 	19	4.063 	2.892 	3.103 	1.849 	7.316 	16	1.132 	0.577 	1.255 	0.416 	1.502 	16	0.0434 	0.0176 	0.0395 	0.0285 	0.0655 	19	1.336 	3.066 	0.486 	0.196 	1.340 	19	0.2033 	0.1501 	0.1806 	0.0450 	0.3487 
	10-1-1995	29	6.572 	3.728 	6.232 	2.884 	10.108 	29	1.032 	0.723 	0.815 	0.341 	1.579 	29	2.427 	1.290 	2.077 	1.306 	3.384 	29	4.008 	2.053 	3.866 	1.874 	5.750 	29	1.418 	1.056 	1.038 	0.563 	1.962 	27	0.0358 	0.0173 	0.0379 	0.0192 	0.0557 	1	0.201 	#DIV/0!	0.201 	0.201 	0.201 	29	0.3594 	0.3146 	0.2224 	0.1475 	0.6482 
	11-1-1995	23	8.204 	8.500 	6.355 	3.716 	9.370 	23	1.002 	0.549 	1.214 	0.390 	1.580 	23	2.676 	1.201 	2.708 	1.643 	3.391 	23	4.996 	4.445 	4.041 	2.731 	5.728 	22	1.456 	0.819 	1.514 	0.578 	2.560 	23	0.0149 	0.0084 	0.0161 	0.0066 	0.0199 	0	#DIV/0!	#DIV/0!	#NUM!	#NUM!	#NUM!	23	0.2524 	0.1379 	0.2177 	0.1171 	0.3785 
	12-1-1995	24	7.131 	2.753 	7.207 	4.239 	9.646 	24	1.152 	0.427 	1.129 	0.760 	1.508 	24	2.879 	0.783 	3.065 	2.028 	3.525 	24	4.403 	1.554 	4.458 	2.768 	5.829 	24	1.770 	0.646 	1.637 	1.235 	2.282 	22	0.0083 	0.0046 	0.0065 	0.0041 	0.0129 	0	#DIV/0!	#DIV/0!	#NUM!	#NUM!	#NUM!	24	0.2169 	0.0839 	0.2035 	0.1280 	0.3018 
	1-1-1996	23	12.672 	10.442 	9.360 	5.103 	20.702 	23	1.570 	1.861 	0.942 	0.441 	2.466 	23	4.295 	4.559 	2.723 	1.850 	5.743 	23	7.794 	6.693 	5.742 	3.432 	12.463 	17	1.553 	1.358 	1.145 	0.228 	3.053 	13	0.0128 	0.0120 	0.0097 	0.0051 	0.0165 	0	#DIV/0!	#DIV/0!	#NUM!	#NUM!	#NUM!	23	0.2683 	0.3020 	0.2051 	0.0804 	0.3631 
	2-1-1996	23	8.972 	3.324 	8.121 	5.727 	12.687 	23	1.569 	1.407 	1.067 	0.630 	2.787 	23	3.844 	2.323 	3.185 	2.382 	4.687 	23	5.428 	1.866 	4.923 	4.005 	7.385 	23	2.478 	2.305 	1.914 	1.033 	3.328 	19	0.0156 	0.0134 	0.0139 	0.0065 	0.0201 	0	#DIV/0!	#DIV/0!	#NUM!	#NUM!	#NUM!	23	0.5368 	0.6897 	0.2418 	0.1414 	0.9921 
	3-1-1996	20	10.047 	5.006 	9.733 	4.990 	16.770 	20	1.709 	1.810 	1.117 	0.448 	3.040 	20	3.720 	2.044 	3.085 	2.113 	5.190 	20	5.824 	2.623 	5.556 	3.222 	9.189 	20	2.254 	2.092 	1.384 	0.772 	4.045 	16	0.0204 	0.0102 	0.0182 	0.0132 	0.0262 	0	#DIV/0!	#DIV/0!	#NUM!	#NUM!	#NUM!	20	0.5232 	0.6375 	0.2797 	0.1233 	0.7755 
	4-1-1996	23	5.603 	2.009 	5.316 	3.672 	8.159 	23	1.744 	0.662 	1.726 	1.188 	2.665 	23	4.189 	1.059 	3.850 	3.321 	5.388 	23	3.750 	0.981 	3.596 	2.703 	5.069 	23	3.246 	1.068 	3.170 	2.249 	4.482 	23	0.0690 	0.0440 	0.0667 	0.0181 	0.0899 	0	#DIV/0!	#DIV/0!	#NUM!	#NUM!	#NUM!	23	0.7158 	0.3057 	0.5545 	0.4460 	1.0433 
	5-1-1996	27	5.640 	2.393 	5.210 	3.238 	8.143 	27	1.367 	0.786 	1.356 	0.585 	2.210 	27	4.100 	2.099 	3.246 	2.484 	5.383 	27	3.928 	1.055 	3.735 	2.857 	4.816 	27	3.111 	2.251 	2.306 	1.207 	4.609 	1	0.1513 	#DIV/0!	0.1513 	0.1513 	0.1513 	0	#DIV/0!	#DIV/0!	#NUM!	#NUM!	#NUM!	27	0.6908 	0.5043 	0.4400 	0.2438 	1.0595 
	6-1-1996	27	3.996 	2.488 	3.112 	1.671 	6.862 	27	0.781 	0.386 	0.595 	0.492 	1.123 	27	2.372 	1.658 	1.959 	1.470 	3.393 	27	2.572 	1.345 	2.163 	1.500 	3.973 	27	1.725 	1.624 	1.188 	1.011 	1.977 	0	#DIV/0!	#DIV/0!	#NUM!	#NUM!	#NUM!	27	0.703 	0.791 	0.472 	0.248 	1.102 	27	0.2843 	0.2483 	0.2253 	0.1494 	0.3476 
	7-1-1996	25	6.014 	2.579 	6.194 	3.034 	8.930 	25	1.117 	0.729 	0.921 	0.538 	1.494 	25	3.165 	1.436 	2.448 	1.921 	4.923 	25	3.759 	1.477 	3.835 	2.000 	5.459 	25	2.219 	1.378 	1.630 	1.162 	3.871 	0	#DIV/0!	#DIV/0!	#NUM!	#NUM!	#NUM!	25	13.333 	14.517 	11.168 	3.979 	20.297 	25	0.3899 	0.3441 	0.2826 	0.0742 	0.6872 
	8-1-1996	27	5.414 	3.811 	4.144 	2.355 	8.332 	27	0.585 	0.157 	0.538 	0.492 	0.685 	27	1.887 	0.947 	1.785 	1.115 	2.380 	27	3.151 	2.034 	2.732 	1.499 	4.764 	26	1.037 	0.437 	1.073 	0.559 	1.530 	0	#DIV/0!	#DIV/0!	#NUM!	#NUM!	#NUM!	27	9.314 	17.211 	2.058 	0.743 	11.730 	27	0.1961 	0.0777 	0.1688 	0.1359 	0.2362 
	9-1-1996	30	5.827 	3.136 	5.652 	2.951 	8.417 	30	0.981 	0.631 	0.739 	0.512 	1.419 	30	2.943 	1.340 	2.622 	1.751 	4.599 	30	3.705 	1.617 	3.434 	2.221 	4.902 	29	2.030 	1.420 	1.256 	0.764 	3.392 	0	#DIV/0!	#DIV/0!	#NUM!	#NUM!	#NUM!	19	6.112 	6.939 	3.330 	0.918 	11.413 	30	0.3148 	0.2528 	0.2175 	0.1049 	0.6453 
	10-1-1996	28	10.692 	6.837 	8.731 	5.855 	14.013 	28	1.153 	0.987 	0.807 	0.370 	2.097 	28	3.425 	1.721 	2.900 	1.910 	5.032 	28	6.345 	3.708 	4.936 	3.655 	8.225 	23	1.770 	1.473 	1.219 	0.599 	3.224 	0	#DIV/0!	#DIV/0!	#NUM!	#NUM!	#NUM!	0	#DIV/0!	#DIV/0!	#NUM!	#NUM!	#NUM!	28	0.3077 	0.2892 	0.1660 	0.0864 	0.5141 
	11-1-1996	26	7.551 	3.810 	6.517 	3.819 	10.866 	26	0.803 	0.565 	0.593 	0.286 	1.457 	26	2.287 	1.153 	2.159 	1.300 	2.780 	26	4.411 	2.018 	4.057 	2.313 	6.217 	26	1.176 	1.015 	1.020 	0.331 	1.929 	0	#DIV/0!	#DIV/0!	#NUM!	#NUM!	#NUM!	0	#DIV/0!	#DIV/0!	#NUM!	#NUM!	#NUM!	26	0.1885 	0.1563 	0.1399 	0.0842 	0.2461 
	12-1-1996	27	10.305 	4.677 	10.173 	5.655 	16.567 	27	0.660 	0.575 	0.434 	0.215 	1.468 	27	2.358 	1.064 	1.962 	1.344 	3.572 	27	5.951 	2.513 	5.991 	3.225 	9.391 	25	0.874 	0.904 	0.456 	0.160 	2.026 	0	#DIV/0!	#DIV/0!	#NUM!	#NUM!	#NUM!	0	#DIV/0!	#DIV/0!	#NUM!	#NUM!	#NUM!	27	0.1688 	0.1759 	0.1055 	0.0498 	0.2947 
	1-1-1997	28	7.315 	2.744 	6.962 	5.043 	9.831 	28	0.950 	0.513 	0.871 	0.400 	1.330 	28	2.639 	0.931 	2.779 	1.582 	3.379 	28	4.388 	1.530 	4.180 	2.840 	5.952 	28	1.535 	0.926 	1.359 	0.643 	2.398 	0	#DIV/0!	#DIV/0!	#NUM!	#NUM!	#NUM!	0	#DIV/0!	#DIV/0!	#NUM!	#NUM!	#NUM!	28	0.2455 	0.1863 	0.1666 	0.0793 	0.3973 
	2-1-1997	26	6.674 	2.093 	7.300 	3.718 	8.638 	26	1.000 	0.780 	0.719 	0.416 	1.785 	26	2.677 	1.265 	2.174 	1.678 	4.352 	26	3.929 	1.117 	4.277 	2.532 	4.624 	26	1.688 	1.360 	1.326 	0.546 	3.304 	0	#DIV/0!	#DIV/0!	#NUM!	#NUM!	#NUM!	0	#DIV/0!	#DIV/0!	#NUM!	#NUM!	#NUM!	26	0.2850 	0.1733 	0.2475 	0.1085 	0.4459 
	3-1-1997	23	7.580 	2.789 	8.139 	4.397 	10.166 	23	0.949 	0.583 	0.708 	0.535 	1.449 	23	2.579 	0.943 	2.448 	1.617 	3.451 	23	4.364 	1.791 	4.661 	2.429 	6.135 	23	1.481 	0.650 	1.266 	0.840 	2.256 	0	#DIV/0!	#DIV/0!	#NUM!	#NUM!	#NUM!	0	#DIV/0!	#DIV/0!	#NUM!	#NUM!	#NUM!	23	0.2858 	0.1950 	0.1862 	0.1277 	0.4505 
	4-1-1997	28	6.964 	2.523 	7.022 	4.402 	9.821 	28	1.553 	0.828 	1.378 	0.798 	2.284 	28	3.094 	0.698 	3.166 	2.529 	3.780 	28	4.498 	1.615 	4.580 	2.877 	6.462 	28	1.962 	0.782 	2.051 	1.132 	2.829 	0	#DIV/0!	#DIV/0!	#NUM!	#NUM!	#NUM!	0	#DIV/0!	#DIV/0!	#NUM!	#NUM!	#NUM!	28	0.5309 	0.2827 	0.4998 	0.2052 	0.7544 
	5-1-1997	27	7.431 	3.664 	6.614 	4.416 	9.382 	27	1.126 	0.927 	1.001 	0.385 	1.844 	27	2.896 	1.043 	2.459 	1.964 	3.855 	27	4.523 	2.023 	3.963 	3.010 	5.765 	23	1.839 	1.113 	1.371 	0.950 	3.074 	0	#DIV/0!	#DIV/0!	#NUM!	#NUM!	#NUM!	3	2.901 	1.165 	2.609 	2.133 	3.680 	27	0.3728 	0.2577 	0.2770 	0.1425 	0.6516 
	6-1-1997	27	5.009 	2.957 	4.027 	2.107 	8.927 	27	1.135 	0.499 	1.220 	0.569 	1.679 	27	2.536 	1.046 	2.062 	1.626 	3.698 	27	3.138 	1.668 	2.475 	1.367 	5.354 	27	1.746 	1.169 	1.173 	0.684 	3.094 	0	#DIV/0!	#DIV/0!	#NUM!	#NUM!	#NUM!	6	21.855 	49.625 	1.533 	1.119 	26.789 	27	0.3645 	0.2307 	0.2525 	0.1778 	0.6901 
	7-1-1997	28	4.179 	2.272 	3.548 	2.347 	5.785 	28	0.594 	0.238 	0.561 	0.388 	0.706 	28	1.709 	0.682 	1.583 	1.255 	1.926 	28	2.453 	1.271 	2.227 	1.569 	3.336 	28	1.092 	0.534 	0.973 	0.748 	1.297 	0	#DIV/0!	#DIV/0!	#NUM!	#NUM!	#NUM!	28	8.675 	8.282 	6.318 	1.580 	17.284 	28	0.1524 	0.1334 	0.1007 	0.0464 	0.3144 
	8-1-1997	29	4.061 	2.859 	3.663 	1.759 	5.047 	29	0.463 	0.231 	0.439 	0.310 	0.580 	27	1.528 	0.698 	1.394 	1.124 	1.803 	29	2.498 	1.729 	2.139 	1.232 	3.142 	27	0.887 	0.380 	0.837 	0.570 	1.055 	0	#DIV/0!	#DIV/0!	#NUM!	#NUM!	#NUM!	29	3.797 	5.432 	1.836 	1.103 	5.407 	29	0.0926 	0.0529 	0.0871 	0.0424 	0.1401 
	9-1-1997	27	7.315 	7.540 	6.097 	2.277 	9.221 	27	0.579 	0.504 	0.433 	0.249 	0.974 	27	2.777 	2.830 	1.737 	1.226 	4.211 	27	4.435 	4.283 	3.547 	1.720 	5.457 	24	1.770 	3.012 	0.851 	0.333 	1.827 	0	#DIV/0!	#DIV/0!	#NUM!	#NUM!	#NUM!	27	2.635 	2.099 	1.852 	0.756 	4.243 	27	0.2714 	0.4361 	0.1599 	0.0283 	0.2826 
	10-1-1997	15	7.142 	5.096 	4.596 	2.821 	14.095 	15	1.758 	1.594 	0.970 	0.480 	3.104 	15	4.976 	3.664 	4.087 	2.465 	6.937 	15	4.376 	2.578 	3.140 	2.358 	7.838 	15	3.875 	3.989 	2.615 	0.865 	6.267 	0	#DIV/0!	#DIV/0!	#NUM!	#NUM!	#NUM!	15	3.005 	3.478 	1.488 	0.905 	6.270 	15	0.8395 	0.7932 	0.4739 	0.1973 	1.4700 
	11-1-1997	25	8.762 	3.442 	10.211 	4.954 	11.504 	25	1.146 	0.731 	1.057 	0.357 	1.798 	25	2.975 	0.957 	2.647 	1.957 	3.952 	25	5.233 	1.758 	5.808 	3.445 	6.804 	24	1.679 	1.028 	1.407 	0.501 	2.863 	0	#DIV/0!	#DIV/0!	#NUM!	#NUM!	#NUM!	25	2.448 	3.722 	1.879 	0.643 	2.638 	25	0.3299 	0.2021 	0.2358 	0.1272 	0.5669 
	12-1-1997	31	9.654 	4.993 	7.958 	5.364 	14.777 	31	1.269 	1.019 	1.055 	0.518 	2.104 	31	2.864 	0.889 	2.867 	2.338 	3.863 	31	5.777 	2.632 	4.811 	3.155 	8.426 	27	1.459 	0.886 	1.407 	0.746 	2.509 	0	#DIV/0!	#DIV/0!	#NUM!	#NUM!	#NUM!	31	1.107 	0.359 	1.112 	0.772 	1.372 	31	0.1920 	0.1066 	0.1887 	0.0947 	0.2797 
	1-1-1998	27	9.706 	4.678 	8.611 	5.422 	15.919 	27	1.147 	0.845 	1.134 	0.364 	1.929 	27	2.427 	0.833 	3.000 	1.569 	3.145 	27	5.821 	2.616 	4.676 	3.237 	8.983 	24	0.981 	0.586 	0.740 	0.404 	1.581 	0	#DIV/0!	#DIV/0!	#NUM!	#NUM!	#NUM!	27	2.744 	2.076 	2.108 	1.212 	3.793 	27	0.2136 	0.1550 	0.1786 	0.0983 	0.3993 
	2-1-1998	27	8.807 	3.995 	8.542 	4.901 	13.393 	27	1.225 	1.041 	0.986 	0.330 	2.209 	27	2.743 	1.254 	2.492 	1.681 	3.734 	27	5.662 	2.421 	5.563 	2.825 	8.740 	22	1.349 	1.200 	0.845 	0.440 	2.584 	0	#DIV/0!	#DIV/0!	#NUM!	#NUM!	#NUM!	27	3.274 	3.210 	2.290 	1.108 	4.224 	27	0.3367 	0.2383 	0.2438 	0.0568 	0.5923 
	3-1-1998	26	7.288 	3.857 	5.693 	4.641 	10.384 	26	1.035 	0.369 	1.045 	0.594 	1.432 	26	3.069 	0.864 	2.971 	2.207 	4.108 	26	4.463 	2.398 	3.368 	2.869 	6.886 	23	1.995 	0.739 	1.864 	1.308 	2.664 	0	#DIV/0!	#DIV/0!	#NUM!	#NUM!	#NUM!	26	5.159 	3.502 	4.218 	2.442 	9.380 	26	0.5278 	0.2177 	0.4992 	0.3289 	0.8120 
	4-1-1998	29	5.863 	1.840 	5.806 	4.079 	8.093 	29	1.279 	0.866 	1.161 	0.620 	1.970 	29	3.002 	1.305 	2.695 	1.792 	4.682 	29	3.582 	0.875 	3.653 	2.594 	4.487 	29	2.100 	1.420 	1.825 	0.725 	3.739 	0	#DIV/0!	#DIV/0!	#NUM!	#NUM!	#NUM!	29	6.129 	3.917 	5.927 	2.983 	8.019 	29	0.6012 	0.3749 	0.4557 	0.2626 	0.9493 
	5-1-1998	24	5.532 	2.726 	5.489 	2.820 	8.713 	24	1.522 	0.675 	1.722 	0.700 	2.184 	24	4.396 	2.229 	4.390 	1.957 	6.221 	24	3.715 	1.846 	3.571 	1.829 	5.828 	24	3.461 	2.093 	2.902 	1.358 	5.265 	0	#DIV/0!	#DIV/0!	#NUM!	#NUM!	#NUM!	24	5.706 	3.204 	4.677 	2.933 	8.259 	24	0.9107 	0.6253 	0.7129 	0.3547 	1.7534 
	6-1-1998	27	3.661 	1.795 	4.094 	1.495 	4.970 	27	1.709 	0.947 	1.653 	0.747 	2.596 	27	5.332 	2.893 	5.551 	2.683 	6.986 	27	2.763 	1.346 	2.862 	1.242 	3.929 	27	4.637 	2.774 	4.613 	1.997 	6.111 	0	#DIV/0!	#DIV/0!	#NUM!	#NUM!	#NUM!	27	7.241 	7.663 	5.311 	2.588 	9.944 	27	0.9942 	0.7373 	0.7772 	0.3662 	1.3813 
	7-1-1998	29	4.511 	1.820 	3.938 	3.229 	6.815 	29	0.784 	0.440 	0.682 	0.429 	0.963 	29	2.133 	0.912 	1.904 	1.474 	2.592 	29	2.331 	0.979 	2.132 	1.444 	3.673 	29	1.546 	0.890 	1.183 	0.775 	2.014 	0	#DIV/0!	#DIV/0!	#NUM!	#NUM!	#NUM!	29	24.871 	21.061 	11.807 	7.744 	44.827 	29	0.2151 	0.2588 	0.1040 	0.0597 	0.4077 
	8-1-1998	3	3.457 	0.000 	3.457 	3.457 	3.457 	3	0.682 	0.000 	0.682 	0.682 	0.682 	3	2.044 	0.000 	2.044 	2.044 	2.044 	3	1.681 	0.000 	1.681 	1.681 	1.681 	3	1.620 	0.000 	1.620 	1.620 	1.620 	0	#DIV/0!	#DIV/0!	#NUM!	#NUM!	#NUM!	3	44.827 	0.000 	44.827 	44.827 	44.827 	3	0.0666 	0.0000 	0.0666 	0.0666 	0.0666 
	9-1-1998	0	#DIV/0!	#DIV/0!	#NUM!	#NUM!	#NUM!	0	#DIV/0!	#DIV/0!	#NUM!	#NUM!	#NUM!	0	#DIV/0!	#DIV/0!	#NUM!	#NUM!	#NUM!	0	#DIV/0!	#DIV/0!	#NUM!	#NUM!	#NUM!	0	#DIV/0!	#DIV/0!	#NUM!	#NUM!	#NUM!	0	#DIV/0!	#DIV/0!	#NUM!	#NUM!	#NUM!	0	#DIV/0!	#DIV/0!	#NUM!	#NUM!	#NUM!	0	#DIV/0!	#DIV/0!	#NUM!	#NUM!	#NUM!
	10-1-1998	0	#DIV/0!	#DIV/0!	#NUM!	#NUM!	#NUM!	0	#DIV/0!	#DIV/0!	#NUM!	#NUM!	#NUM!	0	#DIV/0!	#DIV/0!	#NUM!	#NUM!	#NUM!	0	#DIV/0!	#DIV/0!	#NUM!	#NUM!	#NUM!	0	#DIV/0!	#DIV/0!	#NUM!	#NUM!	#NUM!	0	#DIV/0!	#DIV/0!	#NUM!	#NUM!	#NUM!	0	#DIV/0!	#DIV/0!	#NUM!	#NUM!	#NUM!	0	#DIV/0!	#DIV/0!	#NUM!	#NUM!	#NUM!
	11-1-1998	0	#DIV/0!	#DIV/0!	#NUM!	#NUM!	#NUM!	0	#DIV/0!	#DIV/0!	#NUM!	#NUM!	#NUM!	0	#DIV/0!	#DIV/0!	#NUM!	#NUM!	#NUM!	0	#DIV/0!	#DIV/0!	#NUM!	#NUM!	#NUM!	0	#DIV/0!	#DIV/0!	#NUM!	#NUM!	#NUM!	0	#DIV/0!	#DIV/0!	#NUM!	#NUM!	#NUM!	0	#DIV/0!	#DIV/0!	#NUM!	#NUM!	#NUM!	0	#DIV/0!	#DIV/0!	#NUM!	#NUM!	#NUM!
	12-1-1998	0	#DIV/0!	#DIV/0!	#NUM!	#NUM!	#NUM!	0	#DIV/0!	#DIV/0!	#NUM!	#NUM!	#NUM!	0	#DIV/0!	#DIV/0!	#NUM!	#NUM!	#NUM!	0	#DIV/0!	#DIV/0!	#NUM!	#NUM!	#NUM!	0	#DIV/0!	#DIV/0!	#NUM!	#NUM!	#NUM!	0	#DIV/0!	#DIV/0!	#NUM!	#NUM!	#NUM!	0	#DIV/0!	#DIV/0!	#NUM!	#NUM!	#NUM!	0	#DIV/0!	#DIV/0!	#NUM!	#NUM!	#NUM!
																																																	



																																																	
																																																	
																																																	

