
	DATE	N_CL	AVG_CL	STD_CL	MED_CL	P16_CL	P84_CL	N_NO3	AVG_NO3	STD_NO3	MED_NO3	P16_NO3	P84_NO3	N_SO4	AVG_SO4	STD_SO4	MED_SO4	P16_SO4	P84_SO4	N_NA	AVG_NA	STD_NA	MED_NA	P16_NA	P84_NA	N_NSSSO4	AVG_NSSSO4	STD_NSSSO4	MED_NSSSO4	P16_NSSSO4	P84_NSSSO4	N_MSA	AVG_MSA	STD_MSA	MED_MSA	P16_MSA	P84_MSA	N_DUST	AVG_DUST	STD_DUST	MED_DUST	P16_DUST	P84_DUST	N_NH4	AVG_NH4	STD_NH4	MED_NH4	P16_NH4	P84_NH4
	1-1-1988	0	#N/A	#N/A	#N/A	#N/A	#N/A	0	#N/A	#N/A	#N/A	#N/A	#N/A	0	#N/A	#N/A	#N/A	#N/A	#N/A	0	#N/A	#N/A	#N/A	#N/A	#N/A	0	#N/A	#N/A	#N/A	#N/A	#N/A	0	#N/A	#N/A	#N/A	#N/A	#N/A	0	#N/A	#N/A	#N/A	#N/A	#N/A	0	#N/A	#N/A	#N/A	#N/A	#N/A
	2-1-1988	0	#N/A	#N/A	#N/A	#N/A	#N/A	0	#N/A	#N/A	#N/A	#N/A	#N/A	0	#N/A	#N/A	#N/A	#N/A	#N/A	0	#N/A	#N/A	#N/A	#N/A	#N/A	0	#N/A	#N/A	#N/A	#N/A	#N/A	0	#N/A	#N/A	#N/A	#N/A	#N/A	0	#N/A	#N/A	#N/A	#N/A	#N/A	0	#N/A	#N/A	#N/A	#N/A	#N/A
	3-1-1988	0	#N/A	#N/A	#N/A	#N/A	#N/A	0	#N/A	#N/A	#N/A	#N/A	#N/A	0	#N/A	#N/A	#N/A	#N/A	#N/A	0	#N/A	#N/A	#N/A	#N/A	#N/A	0	#N/A	#N/A	#N/A	#N/A	#N/A	0	#N/A	#N/A	#N/A	#N/A	#N/A	0	#N/A	#N/A	#N/A	#N/A	#N/A	0	#N/A	#N/A	#N/A	#N/A	#N/A
	4-1-1988	0	#N/A	#N/A	#N/A	#N/A	#N/A	0	#N/A	#N/A	#N/A	#N/A	#N/A	0	#N/A	#N/A	#N/A	#N/A	#N/A	0	#N/A	#N/A	#N/A	#N/A	#N/A	0	#N/A	#N/A	#N/A	#N/A	#N/A	0	#N/A	#N/A	#N/A	#N/A	#N/A	0	#N/A	#N/A	#N/A	#N/A	#N/A	0	#N/A	#N/A	#N/A	#N/A	#N/A
	5-1-1988	0	#N/A	#N/A	#N/A	#N/A	#N/A	0	#N/A	#N/A	#N/A	#N/A	#N/A	0	#N/A	#N/A	#N/A	#N/A	#N/A	0	#N/A	#N/A	#N/A	#N/A	#N/A	0	#N/A	#N/A	#N/A	#N/A	#N/A	0	#N/A	#N/A	#N/A	#N/A	#N/A	0	#N/A	#N/A	#N/A	#N/A	#N/A	0	#N/A	#N/A	#N/A	#N/A	#N/A
	6-1-1988	10	5.340 	0.132 	5.422 	5.149 	5.422 	10	0.862 	0.226 	1.002 	0.535 	1.002 	10	2.955 	0.386 	2.715 	2.715 	3.515 	10	3.417 	0.171 	3.311 	3.311 	3.665 	10	2.095 	0.343 	1.882 	1.882 	2.592 	10	0.0678 	0.0257 	0.0838 	0.0306 	0.0838 	10	25.350 	16.268 	35.453 	1.775 	35.453 	0	#N/A	#N/A	#N/A	#N/A	#N/A
	7-1-1988	21	3.278 	1.360 	3.961 	2.266 	4.911 	21	0.481 	0.085 	0.470 	0.403 	0.535 	21	2.112 	1.233 	1.641 	1.397 	3.515 	21	2.302 	0.868 	2.636 	1.630 	3.459 	21	1.532 	1.207 	0.986 	0.977 	2.592 	20	0.0409 	0.0092 	0.0364 	0.0306 	0.0527 	21	2.366 	1.662 	1.775 	1.001 	4.799 	1	0.7045 	#N/A	0.7045 	0.7045 	0.7045 
	8-1-1988	14	3.337 	2.361 	3.074 	1.075 	4.593 	14	1.166 	0.449 	1.300 	0.673 	1.459 	14	4.250 	1.704 	4.037 	2.363 	6.301 	14	2.370 	1.353 	2.173 	1.210 	3.564 	14	3.653 	1.567 	3.631 	2.066 	5.350 	11	0.0618 	0.0226 	0.0591 	0.0454 	0.0789 	15	42.030 	45.045 	30.915 	3.184 	97.216 	14	0.4101 	0.1799 	0.3893 	0.2586 	0.6032 
	9-1-1988	18	1.887 	1.326 	1.984 	0.145 	2.949 	18	0.860 	0.522 	0.780 	0.388 	1.509 	18	4.162 	3.682 	2.213 	1.337 	7.813 	18	1.452 	0.620 	1.550 	0.914 	1.847 	18	3.797 	3.712 	1.805 	0.967 	7.398 	14	0.0565 	0.0120 	0.0551 	0.0441 	0.0705 	18	4.651 	5.600 	1.569 	0.755 	10.366 	18	0.4749 	0.4190 	0.2752 	0.1093 	1.0002 
	10-1-1988	7	5.184 	3.787 	4.356 	1.794 	10.034 	7	0.433 	0.209 	0.434 	0.248 	0.630 	7	1.191 	0.520 	1.311 	0.740 	1.738 	7	3.011 	2.101 	2.433 	1.109 	5.735 	7	0.433 	0.382 	0.332 	0.138 	0.592 	4	0.0258 	0.0116 	0.0248 	0.0184 	0.0333 	7	1.796 	1.022 	1.656 	0.883 	2.792 	6	0.0939 	0.0691 	0.1102 	0.0165 	0.1428 
	11-1-1988	14	7.002 	3.188 	7.354 	3.604 	10.541 	14	1.337 	0.816 	1.213 	0.700 	2.120 	14	3.002 	1.262 	3.081 	1.631 	3.976 	14	4.438 	1.945 	4.407 	2.481 	6.498 	14	1.885 	1.124 	1.688 	0.903 	3.393 	11	0.0268 	0.0127 	0.0230 	0.0194 	0.0370 	13	0.620 	0.350 	0.592 	0.347 	0.821 	12	0.2601 	0.1301 	0.2397 	0.1771 	0.3235 
	12-1-1988	23	7.386 	4.590 	5.477 	4.364 	10.117 	23	1.300 	0.704 	1.089 	0.709 	2.043 	23	3.557 	1.165 	3.397 	2.588 	5.020 	23	4.652 	2.673 	3.651 	2.871 	6.066 	20	2.401 	1.028 	2.282 	1.552 	3.612 	19	0.0163 	0.0081 	0.0150 	0.0083 	0.0234 	23	0.717 	1.236 	0.287 	0.159 	0.631 	22	0.3832 	0.6741 	0.2334 	0.1258 	0.3827 
	1-1-1989	22	6.202 	1.990 	6.548 	3.530 	7.926 	22	0.702 	0.402 	0.601 	0.380 	1.245 	22	2.025 	0.785 	1.941 	1.342 	3.045 	22	3.759 	1.256 	4.215 	2.394 	5.049 	22	1.078 	0.667 	0.930 	0.428 	1.897 	15	0.0146 	0.0071 	0.0135 	0.0067 	0.0225 	18	0.147 	0.113 	0.103 	0.053 	0.318 	22	0.2101 	0.1366 	0.1503 	0.0703 	0.3894 
	2-1-1989	19	5.429 	1.905 	5.539 	3.140 	7.157 	19	1.198 	1.229 	0.815 	0.623 	1.480 	19	3.162 	1.186 	3.037 	1.873 	4.388 	19	3.630 	1.013 	3.340 	2.572 	4.582 	19	2.248 	1.091 	2.195 	1.160 	3.421 	18	0.0387 	0.0221 	0.0419 	0.0127 	0.0553 	16	0.602 	0.460 	0.399 	0.230 	1.128 	19	0.4474 	0.6238 	0.1643 	0.1132 	0.6679 
	3-1-1989	17	4.840 	1.973 	4.832 	3.819 	6.663 	17	1.013 	1.117 	0.530 	0.308 	1.518 	17	3.241 	3.169 	1.933 	1.342 	5.432 	17	3.096 	0.863 	2.956 	2.300 	3.852 	17	2.462 	3.244 	1.148 	0.498 	4.816 	16	0.0392 	0.0162 	0.0409 	0.0195 	0.0550 	17	1.309 	1.968 	0.414 	0.244 	2.409 	17	0.3095 	0.4569 	0.1229 	0.0593 	0.5421 
	4-1-1989	13	6.471 	3.047 	5.977 	4.542 	8.408 	13	1.273 	1.194 	0.578 	0.268 	2.025 	13	3.867 	2.708 	2.360 	1.393 	6.992 	13	3.849 	1.647 	3.567 	2.528 	4.563 	13	2.899 	2.785 	1.101 	0.696 	6.190 	9	0.0466 	0.0225 	0.0404 	0.0320 	0.0687 	13	0.944 	0.840 	0.664 	0.114 	2.056 	13	0.4816 	0.4578 	0.2785 	0.1354 	0.8099 
	5-1-1989	19	3.102 	1.850 	2.233 	1.528 	5.216 	19	1.244 	0.597 	1.104 	0.692 	1.824 	19	3.236 	1.489 	2.972 	2.057 	4.714 	19	2.211 	0.989 	1.882 	1.288 	3.069 	19	2.680 	1.381 	2.556 	1.451 	4.238 	17	0.0773 	0.0299 	0.0706 	0.0479 	0.1047 	21	2.396 	3.372 	1.240 	0.490 	4.589 	19	0.3558 	0.2271 	0.2374 	0.1689 	0.5575 
	6-1-1989	17	2.700 	1.484 	2.597 	1.484 	4.262 	17	1.742 	1.122 	1.215 	0.760 	2.984 	17	5.774 	4.445 	4.394 	2.402 	10.186 	17	2.180 	1.066 	1.923 	1.087 	3.089 	17	5.225 	4.437 	3.720 	1.938 	9.607 	13	0.0843 	0.0534 	0.0635 	0.0379 	0.1479 	16	3.929 	3.200 	3.160 	0.422 	6.535 	11	1.0880 	0.7502 	0.8462 	0.4377 	1.8044 
	7-1-1989	12	3.474 	1.770 	3.473 	1.512 	5.140 	12	0.973 	1.184 	0.697 	0.444 	0.928 	12	4.473 	5.552 	1.793 	1.430 	10.905 	12	2.243 	0.856 	2.011 	1.564 	3.107 	12	3.908 	5.490 	1.238 	0.775 	10.479 	10	0.0539 	0.0427 	0.0481 	0.0202 	0.0763 	12	5.197 	7.987 	1.716 	0.455 	7.987 	12	0.5008 	0.6867 	0.2009 	0.0862 	1.2096 
	8-1-1989	6	1.726 	0.707 	1.663 	1.181 	2.490 	6	0.612 	0.395 	0.660 	0.226 	0.918 	6	2.035 	1.885 	1.540 	0.833 	3.021 	6	1.206 	0.927 	0.836 	0.639 	1.922 	6	1.731 	1.689 	1.231 	0.636 	2.731 	4	0.0373 	0.0263 	0.0412 	0.0171 	0.0573 	9	14.449 	22.240 	1.869 	0.593 	28.872 	6	0.1442 	0.1375 	0.0905 	0.0506 	0.2255 
	9-1-1989	7	6.889 	3.073 	8.101 	3.655 	9.490 	7	0.824 	0.798 	0.606 	0.337 	0.942 	7	2.695 	1.998 	1.884 	1.722 	2.926 	7	4.095 	1.942 	4.641 	1.593 	5.569 	7	1.664 	1.997 	1.217 	0.333 	1.990 	6	0.0530 	0.0631 	0.0315 	0.0199 	0.0634 	7	24.990 	32.415 	0.777 	0.159 	60.877 	7	0.2126 	0.2274 	0.0998 	0.0268 	0.5164 
	10-1-1989	13	3.424 	3.694 	2.392 	1.080 	5.089 	13	0.738 	0.830 	0.286 	0.025 	1.825 	13	2.729 	2.444 	2.108 	0.115 	6.386 	13	2.266 	2.066 	1.521 	0.451 	3.932 	13	2.159 	2.347 	1.110 	0.002 	5.489 	10	0.0383 	0.0415 	0.0280 	0.0024 	0.0746 	7	1.007 	0.770 	1.080 	0.060 	1.881 	13	0.2840 	0.2385 	0.2252 	0.0618 	0.5739 
	11-1-1989	15	6.058 	3.338 	4.423 	3.829 	8.259 	15	1.163 	0.669 	1.353 	0.374 	1.726 	15	2.898 	1.016 	3.169 	1.725 	3.662 	15	3.822 	1.978 	2.818 	2.402 	5.459 	15	1.936 	0.782 	2.288 	0.986 	2.541 	13	0.0260 	0.0155 	0.0200 	0.0181 	0.0341 	15	0.480 	0.495 	0.266 	0.079 	0.812 	15	0.2581 	0.1643 	0.2596 	0.1097 	0.3386 
	12-1-1989	23	8.044 	3.279 	8.156 	4.273 	12.087 	23	1.226 	0.675 	1.183 	0.468 	1.946 	23	3.264 	1.197 	3.118 	2.095 	4.426 	23	4.978 	1.909 	5.246 	2.938 	7.416 	23	2.011 	1.228 	1.772 	0.832 	3.461 	21	0.0110 	0.0048 	0.0114 	0.0071 	0.0127 	27	0.338 	0.523 	0.227 	0.049 	0.472 	23	0.2029 	0.1711 	0.1732 	0.1048 	0.2430 
	1-1-1990	23	7.600 	4.755 	6.867 	2.346 	13.219 	23	0.779 	0.379 	0.823 	0.421 	1.131 	23	2.681 	0.981 	2.662 	1.772 	3.590 	23	4.656 	2.557 	3.874 	2.094 	7.902 	22	1.486 	0.787 	1.141 	0.761 	2.471 	20	0.0277 	0.0117 	0.0244 	0.0146 	0.0411 	22	0.203 	0.160 	0.121 	0.062 	0.366 	23	0.1549 	0.1108 	0.1311 	0.0563 	0.2121 
	2-1-1990	21	8.450 	9.116 	6.771 	2.590 	11.947 	21	0.721 	0.527 	0.518 	0.337 	1.448 	21	2.703 	2.099 	2.435 	1.313 	4.291 	21	5.055 	5.075 	3.714 	1.994 	6.984 	20	1.306 	1.012 	0.882 	0.620 	2.072 	19	0.0250 	0.0231 	0.0179 	0.0129 	0.0404 	20	0.621 	0.625 	0.445 	0.110 	1.150 	19	0.1375 	0.1088 	0.1153 	0.0566 	0.2002 
	3-1-1990	18	4.662 	3.297 	2.995 	2.049 	8.043 	18	1.497 	1.647 	0.739 	0.463 	2.222 	18	5.220 	4.954 	2.556 	1.717 	10.646 	18	3.215 	1.698 	2.966 	1.525 	4.735 	18	4.411 	5.030 	1.575 	0.921 	9.907 	10	0.0440 	0.0263 	0.0471 	0.0145 	0.0576 	17	0.928 	1.062 	0.492 	0.235 	1.919 	18	0.6333 	0.8859 	0.1878 	0.0422 	1.4645 
	4-1-1990	15	5.370 	2.780 	4.232 	2.670 	8.155 	15	0.925 	0.707 	0.753 	0.360 	1.296 	15	3.168 	1.807 	3.160 	1.269 	5.082 	15	3.391 	1.500 	2.761 	2.119 	5.252 	15	2.314 	1.801 	1.674 	0.567 	4.412 	11	0.0338 	0.0182 	0.0248 	0.0217 	0.0472 	17	0.797 	0.547 	0.887 	0.142 	1.169 	15	0.3902 	0.3975 	0.2445 	0.1059 	0.6230 
	5-1-1990	23	4.747 	2.896 	4.123 	1.860 	8.068 	23	1.522 	1.008 	1.184 	0.575 	2.782 	23	4.014 	2.231 	3.574 	2.039 	5.290 	23	3.485 	1.797 	3.314 	1.331 	4.993 	23	3.137 	2.390 	2.872 	1.089 	4.614 	19	0.0677 	0.0289 	0.0547 	0.0345 	0.0973 	21	2.510 	3.766 	1.101 	0.328 	4.162 	23	0.4865 	0.3400 	0.4008 	0.1954 	0.8683 
	6-1-1990	22	3.585 	1.249 	3.640 	2.430 	4.813 	22	0.778 	0.405 	0.603 	0.483 	1.217 	22	2.295 	1.044 	2.165 	1.435 	2.778 	21	2.266 	0.722 	2.330 	1.512 	2.792 	21	1.698 	1.095 	1.348 	0.888 	2.035 	16	0.0579 	0.0174 	0.0518 	0.0465 	0.0761 	22	3.474 	3.676 	1.978 	0.335 	6.723 	22	0.2503 	0.1675 	0.1900 	0.1378 	0.3166 
	7-1-1990	25	5.199 	3.005 	7.632 	1.483 	7.632 	25	0.614 	0.381 	0.488 	0.371 	0.890 	25	1.894 	0.476 	1.727 	1.661 	2.291 	25	3.130 	1.667 	4.487 	1.045 	4.487 	25	1.106 	0.660 	0.943 	0.598 	1.481 	21	0.0432 	0.0103 	0.0388 	0.0388 	0.0508 	24	6.268 	6.399 	3.063 	1.363 	12.790 	25	0.1213 	0.1231 	0.0554 	0.0320 	0.2347 
	8-1-1990	16	1.483 	1.320 	1.270 	0.111 	3.077 	16	0.852 	0.524 	0.734 	0.478 	1.353 	16	8.082 	9.504 	2.217 	1.559 	20.267 	16	1.214 	0.523 	1.198 	0.659 	1.746 	16	7.777 	9.592 	1.792 	1.235 	20.066 	12	0.0428 	0.0157 	0.0384 	0.0326 	0.0509 	13	4.690 	4.722 	2.613 	0.794 	11.129 	16	0.7057 	0.7716 	0.3328 	0.1871 	1.6214 
	9-1-1990	11	3.033 	2.679 	1.518 	0.859 	6.075 	11	0.949 	0.769 	0.680 	0.573 	1.114 	11	3.639 	2.970 	2.312 	1.177 	6.616 	11	1.953 	1.343 	1.680 	0.617 	3.384 	11	3.148 	3.038 	2.189 	0.455 	6.222 	6	0.0373 	0.0380 	0.0295 	0.0067 	0.0581 	12	0.414 	0.341 	0.316 	0.088 	0.819 	11	0.3710 	0.3015 	0.3713 	0.0757 	0.6683 
	10-1-1990	12	6.176 	3.723 	5.167 	3.625 	9.054 	12	0.895 	0.597 	0.768 	0.359 	1.450 	12	2.012 	0.967 	1.629 	1.379 	3.132 	12	3.679 	2.204 	3.211 	2.111 	5.483 	12	1.086 	0.548 	0.997 	0.673 	1.710 	8	0.0249 	0.0189 	0.0234 	0.0091 	0.0402 	10	4.030 	5.954 	0.603 	0.115 	11.328 	12	0.1270 	0.0639 	0.1210 	0.0594 	0.1963 
	11-1-1990	20	9.679 	8.607 	7.243 	3.589 	18.343 	20	1.300 	0.809 	1.153 	0.515 	2.175 	20	3.280 	1.804 	3.107 	1.310 	4.293 	20	5.905 	4.888 	4.306 	2.403 	10.458 	16	1.738 	0.910 	1.798 	0.600 	2.671 	16	0.0116 	0.0122 	0.0090 	0.0020 	0.0158 	12	0.474 	0.553 	0.290 	0.105 	0.727 	20	0.2306 	0.1401 	0.2083 	0.0884 	0.3540 
	12-1-1990	15	7.009 	5.355 	5.739 	2.885 	10.108 	15	1.116 	0.815 	1.037 	0.406 	1.485 	15	2.852 	1.663 	3.170 	0.772 	4.251 	15	4.343 	2.916 	4.089 	1.699 	6.278 	14	1.715 	1.352 	1.498 	0.369 	3.163 	11	0.0076 	0.0052 	0.0057 	0.0034 	0.0138 	0	#N/A	#N/A	#N/A	#N/A	#N/A	15	0.2189 	0.1474 	0.1972 	0.0543 	0.3887 
	1-1-1991	26	8.579 	9.296 	6.245 	1.917 	10.469 	26	0.944 	1.074 	0.487 	0.272 	1.322 	26	2.481 	1.645 	1.919 	0.777 	4.276 	26	5.195 	5.198 	4.194 	1.225 	6.342 	24	1.349 	1.249 	0.651 	0.346 	2.774 	22	0.0193 	0.0127 	0.0195 	0.0058 	0.0279 	24	0.111 	0.070 	0.097 	0.036 	0.190 	26	0.1303 	0.0928 	0.1076 	0.0493 	0.2322 
	2-1-1991	18	11.926 	7.130 	9.220 	6.330 	16.035 	18	0.991 	0.642 	0.810 	0.521 	1.665 	18	3.391 	1.508 	3.433 	1.713 	5.078 	18	6.849 	3.774 	5.743 	3.689 	9.234 	16	1.714 	0.979 	1.701 	0.616 	2.754 	14	0.0230 	0.0118 	0.0245 	0.0124 	0.0352 	17	0.259 	0.204 	0.248 	0.061 	0.428 	18	0.2153 	0.1468 	0.2257 	0.0689 	0.4205 
	3-1-1991	25	10.688 	7.836 	7.087 	4.785 	15.697 	25	1.295 	0.782 	1.086 	0.689 	1.723 	25	4.344 	1.944 	3.877 	2.566 	6.966 	25	6.715 	4.608 	4.980 	3.281 	9.496 	21	2.717 	1.803 	2.251 	1.258 	4.342 	20	0.0234 	0.0197 	0.0128 	0.0096 	0.0460 	24	1.719 	2.111 	1.098 	0.301 	3.035 	25	0.4191 	0.3276 	0.3120 	0.1843 	0.7314 
	4-1-1991	20	4.871 	3.032 	3.844 	2.459 	8.540 	20	1.322 	1.072 	0.909 	0.572 	2.269 	20	4.069 	2.916 	2.982 	1.639 	6.614 	20	3.227 	1.653 	2.767 	1.617 	4.998 	20	3.256 	2.998 	1.802 	1.045 	5.762 	16	0.0523 	0.0197 	0.0469 	0.0347 	0.0765 	20	1.466 	0.990 	1.073 	0.568 	2.473 	20	0.4795 	0.4879 	0.3125 	0.1436 	0.7006 
	5-1-1991	19	3.406 	1.881 	3.262 	1.931 	5.122 	19	1.618 	0.856 	1.310 	1.070 	2.382 	19	3.997 	3.843 	2.703 	1.904 	3.746 	19	2.485 	1.193 	2.278 	1.440 	4.052 	19	3.371 	3.725 	2.083 	1.473 	3.433 	15	0.0847 	0.0522 	0.0849 	0.0357 	0.1164 	21	1.792 	1.622 	1.538 	0.920 	2.185 	19	0.5463 	0.6262 	0.3450 	0.2216 	0.5443 
	6-1-1991	21	5.254 	4.085 	4.856 	1.474 	9.449 	21	0.830 	0.577 	0.650 	0.464 	1.017 	21	2.852 	2.040 	2.512 	1.521 	3.867 	21	3.369 	2.265 	3.095 	1.109 	5.406 	21	2.005 	1.986 	1.357 	0.963 	2.520 	19	0.0745 	0.0281 	0.0733 	0.0537 	0.0849 	25	5.100 	7.213 	1.563 	0.910 	5.671 	21	0.2952 	0.4198 	0.1561 	0.0880 	0.4047 
	7-1-1991	25	4.161 	2.066 	3.763 	2.313 	6.657 	25	0.744 	0.254 	0.659 	0.532 	1.014 	25	2.357 	1.477 	1.768 	1.422 	3.039 	23	2.296 	0.983 	2.221 	1.386 	3.060 	23	1.789 	1.459 	1.256 	1.092 	2.349 	25	0.0581 	0.0210 	0.0568 	0.0381 	0.0739 	26	10.925 	10.728 	6.544 	3.500 	19.750 	23	0.1818 	0.1768 	0.1344 	0.0900 	0.2304 
	8-1-1991	17	2.215 	2.059 	1.664 	0.724 	2.979 	17	0.758 	0.419 	0.743 	0.414 	1.032 	17	2.601 	1.878 	1.534 	1.088 	5.111 	17	1.474 	1.144 	1.204 	0.675 	1.800 	17	2.230 	1.826 	1.122 	0.856 	4.603 	11	0.0503 	0.0166 	0.0436 	0.0374 	0.0630 	18	6.442 	15.540 	0.756 	0.306 	6.240 	17	0.2794 	0.2265 	0.3182 	0.0354 	0.4923 
	9-1-1991	13	4.325 	1.734 	4.122 	2.887 	5.602 	13	0.307 	0.174 	0.295 	0.161 	0.580 	13	1.152 	0.324 	1.128 	0.848 	1.493 	13	2.430 	0.941 	2.388 	1.775 	3.112 	13	0.540 	0.285 	0.527 	0.260 	0.996 	10	0.0282 	0.0096 	0.0261 	0.0195 	0.0415 	13	1.845 	1.983 	1.219 	0.446 	2.388 	13	0.1464 	0.1087 	0.1326 	0.0688 	0.1707 
	10-1-1991	9	6.587 	2.263 	6.921 	3.801 	8.846 	9	0.656 	0.688 	0.304 	0.171 	1.205 	9	1.793 	0.622 	1.680 	1.446 	2.319 	9	3.861 	1.217 	4.338 	2.323 	4.945 	9	0.821 	0.687 	0.481 	0.226 	1.712 	8	0.0213 	0.0148 	0.0171 	0.0063 	0.0404 	3	0.343 	0.035 	0.364 	0.322 	0.364 	9	0.1785 	0.1051 	0.1430 	0.0712 	0.2746 
	11-1-1991	14	4.914 	2.648 	4.907 	2.721 	5.709 	14	1.411 	0.885 	1.175 	0.611 	2.559 	14	3.116 	1.305 	2.942 	2.161 	4.219 	14	3.367 	1.310 	3.180 	2.583 	3.762 	14	2.269 	1.344 	1.988 	1.232 	3.445 	11	0.0231 	0.0172 	0.0167 	0.0115 	0.0328 	14	0.184 	0.110 	0.158 	0.075 	0.283 	14	0.2777 	0.1036 	0.2329 	0.2127 	0.3777 
	12-1-1991	25	5.617 	3.612 	4.823 	3.182 	7.497 	25	1.339 	1.298 	1.029 	0.587 	1.659 	25	2.631 	0.884 	2.714 	1.644 	3.319 	25	3.660 	2.177 	2.958 	2.325 	4.571 	24	1.711 	0.639 	1.577 	0.935 	2.172 	21	0.0164 	0.0108 	0.0123 	0.0072 	0.0293 	24	0.202 	0.176 	0.136 	0.082 	0.290 	25	0.2060 	0.0974 	0.1842 	0.1242 	0.2851 
	1-1-1992	24	10.929 	9.885 	6.888 	5.086 	13.738 	24	1.353 	0.586 	1.169 	0.903 	2.017 	24	3.680 	1.827 	3.182 	2.529 	4.456 	24	6.921 	5.901 	4.574 	3.183 	8.567 	21	1.948 	0.828 	1.660 	1.082 	2.856 	22	0.0090 	0.0047 	0.0071 	0.0060 	0.0117 	22	0.278 	0.218 	0.241 	0.069 	0.398 	24	0.2414 	0.1187 	0.2095 	0.1357 	0.3747 
	2-1-1992	23	10.569 	6.038 	8.997 	5.504 	12.048 	23	1.012 	0.552 	1.076 	0.463 	1.376 	23	3.116 	1.447 	2.969 	1.537 	3.878 	23	6.214 	3.275 	5.442 	3.121 	7.680 	21	1.546 	0.983 	1.525 	0.737 	2.028 	19	0.0174 	0.0145 	0.0116 	0.0055 	0.0343 	18	0.194 	0.117 	0.206 	0.051 	0.318 	23	0.2244 	0.1421 	0.1611 	0.1263 	0.3645 
	3-1-1992	26	8.138 	4.254 	6.949 	4.443 	13.763 	26	1.454 	0.603 	1.385 	0.762 	2.047 	26	4.250 	1.074 	3.776 	3.559 	5.132 	25	5.062 	2.160 	4.391 	3.389 	7.715 	25	2.981 	1.370 	2.620 	1.523 	4.263 	24	0.0170 	0.0083 	0.0158 	0.0086 	0.0251 	26	1.208 	1.232 	0.913 	0.300 	1.838 	26	0.4527 	0.2694 	0.4404 	0.2036 	0.6854 
	4-1-1992	16	8.709 	9.260 	4.949 	2.181 	20.002 	16	1.226 	0.569 	1.213 	0.525 	1.906 	16	4.171 	1.363 	4.118 	2.851 	4.910 	16	5.420 	4.809 	4.027 	1.858 	11.194 	13	3.201 	1.516 	3.091 	2.112 	4.412 	16	0.0314 	0.0226 	0.0267 	0.0066 	0.0493 	18	1.006 	0.747 	0.660 	0.381 	1.947 	16	0.4024 	0.3003 	0.3989 	0.0693 	0.5816 
	5-1-1992	21	3.686 	3.973 	2.776 	0.830 	5.765 	21	0.983 	0.737 	0.775 	0.371 	1.667 	21	3.645 	3.954 	1.648 	1.075 	7.984 	21	2.305 	2.057 	1.977 	0.744 	3.114 	21	3.065 	3.984 	1.241 	0.587 	7.532 	13	0.0667 	0.0267 	0.0579 	0.0371 	0.0842 	21	0.817 	0.660 	0.598 	0.272 	1.468 	21	0.4962 	0.4367 	0.4005 	0.1448 	0.7373 
	6-1-1992	25	5.995 	3.435 	6.552 	2.395 	7.783 	25	0.560 	0.292 	0.535 	0.297 	0.795 	25	2.007 	0.920 	1.954 	1.122 	2.813 	25	3.401 	1.886 	3.652 	1.346 	4.701 	25	1.151 	0.788 	0.992 	0.471 	1.623 	22	0.0471 	0.0266 	0.0428 	0.0171 	0.0679 	23	7.805 	8.993 	0.989 	0.525 	18.665 	25	0.1848 	0.1250 	0.1650 	0.0892 	0.2266 
	7-1-1992	23	3.976 	1.869 	3.422 	2.227 	6.739 	23	1.267 	0.598 	1.320 	0.722 	1.725 	23	3.357 	1.826 	2.954 	1.924 	4.639 	23	2.749 	1.183 	2.362 	1.746 	4.221 	23	2.666 	1.715 	2.446 	1.379 	3.430 	23	0.0634 	0.0224 	0.0663 	0.0441 	0.0837 	23	25.456 	19.084 	18.000 	8.623 	44.875 	23	0.3105 	0.2216 	0.2790 	0.1431 	0.4793 
	8-1-1992	24	3.063 	1.629 	2.864 	1.219 	5.198 	24	0.527 	0.243 	0.492 	0.365 	0.630 	24	1.718 	1.071 	1.458 	1.173 	1.819 	24	1.997 	0.917 	1.913 	1.102 	2.802 	24	1.215 	1.030 	0.956 	0.722 	1.199 	22	0.0441 	0.0111 	0.0463 	0.0322 	0.0542 	26	4.790 	7.110 	1.488 	0.120 	13.250 	24	0.2066 	0.1566 	0.1288 	0.0979 	0.3417 
	9-1-1992	12	3.081 	2.080 	2.226 	1.576 	4.381 	12	0.705 	0.477 	0.561 	0.413 	0.931 	12	1.430 	0.604 	1.295 	0.952 	1.993 	12	1.816 	1.213 	1.298 	1.059 	2.438 	12	0.973 	0.608 	0.712 	0.490 	1.420 	7	0.0382 	0.0138 	0.0397 	0.0201 	0.0479 	12	2.253 	2.292 	1.383 	0.323 	4.260 	12	0.2505 	0.1717 	0.1879 	0.1230 	0.3385 
	10-1-1992	11	5.196 	3.026 	5.412 	2.185 	8.229 	11	0.750 	0.533 	0.639 	0.225 	1.501 	11	2.465 	1.362 	2.339 	0.972 	4.265 	11	3.664 	1.239 	3.678 	2.518 	4.867 	11	1.543 	1.392 	0.931 	0.393 	3.456 	9	0.0269 	0.0092 	0.0313 	0.0151 	0.0317 	12	0.279 	0.224 	0.168 	0.090 	0.477 	11	0.3046 	0.1927 	0.2153 	0.1220 	0.5554 
	11-1-1992	9	4.554 	1.913 	3.459 	2.883 	6.659 	9	0.366 	0.102 	0.367 	0.282 	0.483 	9	1.168 	0.264 	1.151 	0.943 	1.328 	9	2.584 	0.990 	2.205 	1.670 	3.724 	9	0.518 	0.154 	0.507 	0.358 	0.679 	6	0.0319 	0.0127 	0.0332 	0.0198 	0.0416 	11	0.600 	1.169 	0.108 	0.021 	0.955 	9	0.1118 	0.0696 	0.1018 	0.0478 	0.1588 
	12-1-1992	23	7.780 	3.099 	6.580 	5.159 	12.075 	23	1.083 	0.611 	1.023 	0.486 	1.737 	23	2.677 	1.072 	3.065 	1.536 	3.985 	23	4.798 	1.928 	3.845 	3.023 	7.641 	23	1.470 	1.014 	1.110 	0.464 	2.806 	19	0.0087 	0.0060 	0.0087 	0.0020 	0.0163 	17	0.140 	0.107 	0.115 	0.021 	0.204 	23	0.2057 	0.1173 	0.1802 	0.0942 	0.3212 
	1-1-1993	21	5.845 	2.712 	5.731 	3.647 	9.587 	21	0.669 	0.618 	0.452 	0.217 	1.148 	21	1.694 	0.977 	1.531 	1.016 	2.823 	21	3.344 	1.554 	3.135 	2.261 	4.865 	21	0.852 	0.888 	0.529 	0.215 	1.403 	18	0.0122 	0.0092 	0.0125 	0.0029 	0.0229 	0	#N/A	#N/A	#N/A	#N/A	#N/A	21	0.1262 	0.0783 	0.0961 	0.0614 	0.2164 
	2-1-1993	25	7.033 	4.654 	6.713 	3.568 	9.959 	25	0.847 	0.284 	0.808 	0.559 	1.138 	25	2.551 	0.896 	2.347 	1.719 	3.130 	25	4.314 	2.676 	3.944 	2.302 	5.648 	24	1.499 	0.815 	1.361 	0.835 	1.825 	23	0.0066 	0.0063 	0.0047 	0.0028 	0.0093 	0	#N/A	#N/A	#N/A	#N/A	#N/A	25	0.1849 	0.1110 	0.1653 	0.0727 	0.3024 
	3-1-1993	17	7.632 	4.412 	7.616 	3.605 	12.355 	17	1.516 	0.448 	1.634 	1.079 	1.968 	17	4.785 	1.562 	4.184 	3.766 	6.668 	17	5.262 	2.336 	5.566 	3.199 	8.303 	17	3.460 	1.661 	3.298 	1.860 	5.347 	17	0.0138 	0.0061 	0.0140 	0.0076 	0.0202 	0	#N/A	#N/A	#N/A	#N/A	#N/A	17	0.4256 	0.1841 	0.3694 	0.2640 	0.6685 
	4-1-1993	18	6.988 	2.556 	7.304 	4.441 	8.799 	18	0.959 	0.648 	0.666 	0.465 	1.570 	18	2.990 	1.785 	2.817 	1.284 	4.114 	18	4.315 	1.582 	4.530 	2.323 	5.314 	18	1.903 	1.506 	1.646 	0.583 	2.986 	14	0.0333 	0.0106 	0.0305 	0.0236 	0.0406 	1	0.147 	#N/A	0.147 	0.147 	0.147 	18	0.3728 	0.2047 	0.3940 	0.1140 	0.6039 
	5-1-1993	13	3.766 	2.286 	3.211 	1.740 	5.566 	13	1.313 	0.549 	1.345 	0.787 	1.892 	13	3.419 	0.937 	3.116 	2.431 	4.682 	13	2.552 	1.253 	1.870 	1.309 	3.949 	13	2.777 	1.002 	2.736 	1.605 	4.010 	12	0.0669 	0.0194 	0.0625 	0.0525 	0.0876 	13	1.391 	0.727 	1.053 	0.992 	2.248 	13	0.5581 	0.2416 	0.5629 	0.3026 	0.6792 
	6-1-1993	9	3.894 	0.691 	4.160 	3.130 	4.605 	9	0.666 	0.094 	0.660 	0.562 	0.752 	9	1.905 	0.314 	1.870 	1.840 	2.128 	9	2.355 	0.648 	2.661 	1.598 	2.908 	9	1.313 	0.332 	1.223 	1.092 	1.564 	9	0.0733 	0.0149 	0.0777 	0.0669 	0.0862 	6	0.438 	0.321 	0.289 	0.226 	0.724 	9	0.2146 	0.1341 	0.2352 	0.0609 	0.3020 
	7-1-1993	7	5.699 	1.480 	4.906 	4.843 	6.253 	7	0.876 	0.252 	0.839 	0.801 	1.127 	7	2.555 	0.662 	2.856 	2.192 	2.975 	7	3.334 	0.851 	3.092 	2.728 	3.797 	7	1.716 	0.571 	1.913 	1.509 	2.183 	6	0.0819 	0.0092 	0.0773 	0.0757 	0.0896 	2	26.228 	0.000 	26.228 	26.228 	26.228 	7	0.3394 	0.2171 	0.2501 	0.1799 	0.4795 
	8-1-1993	22	6.252 	1.772 	7.315 	4.774 	7.315 	22	1.069 	0.237 	1.019 	0.950 	1.277 	22	3.975 	1.136 	4.094 	3.152 	4.094 	22	4.112 	1.302 	5.147 	2.943 	5.165 	22	2.940 	1.121 	2.794 	2.403 	3.278 	19	0.0597 	0.0226 	0.0450 	0.0450 	0.0798 	22	25.150 	29.721 	4.902 	3.751 	68.514 	22	0.3680 	0.2054 	0.2753 	0.2716 	0.5313 
	9-1-1993	16	2.806 	2.260 	2.067 	0.451 	5.144 	16	0.751 	0.481 	0.578 	0.347 	1.141 	16	3.396 	3.100 	1.751 	1.318 	6.890 	16	1.991 	1.065 	1.615 	0.985 	3.207 	16	2.895 	3.249 	1.184 	0.601 	6.511 	14	0.0489 	0.0122 	0.0469 	0.0408 	0.0602 	9	2.137 	2.538 	0.266 	0.198 	4.978 	16	0.4158 	0.4491 	0.1916 	0.0751 	1.0021 
	10-1-1993	11	4.474 	2.016 	4.351 	2.641 	6.138 	11	0.612 	0.363 	0.597 	0.282 	0.879 	11	1.705 	0.981 	1.695 	0.824 	2.777 	11	2.800 	1.278 	2.952 	1.652 	3.823 	11	1.001 	0.709 	0.868 	0.423 	1.811 	8	0.0302 	0.0157 	0.0269 	0.0155 	0.0474 	0	#N/A	#N/A	#N/A	#N/A	#N/A	11	0.1687 	0.0798 	0.1620 	0.1013 	0.2355 
	11-1-1993	12	5.405 	2.576 	5.387 	2.736 	7.714 	12	0.971 	0.706 	0.597 	0.478 	1.567 	12	2.466 	0.938 	2.230 	1.888 	3.603 	12	3.125 	1.444 	2.865 	1.470 	4.328 	12	1.680 	0.811 	1.324 	1.175 	2.460 	8	0.0530 	0.0253 	0.0688 	0.0235 	0.0712 	0	#N/A	#N/A	#N/A	#N/A	#N/A	12	0.4140 	0.2667 	0.2839 	0.1221 	0.6672 
	12-1-1993	23	9.025 	3.819 	9.891 	5.498 	13.340 	23	1.096 	0.702 	1.082 	0.486 	1.428 	23	2.894 	1.226 	2.684 	1.904 	4.516 	23	5.716 	2.542 	5.753 	2.846 	9.001 	23	1.455 	0.968 	1.305 	0.456 	2.250 	21	0.0102 	0.0044 	0.0089 	0.0056 	0.0148 	0	#N/A	#N/A	#N/A	#N/A	#N/A	23	0.1873 	0.1513 	0.1013 	0.0663 	0.3306 
	1-1-1994	13	15.143 	14.698 	12.259 	5.975 	21.464 	13	0.979 	0.697 	0.817 	0.493 	1.332 	13	3.918 	2.902 	2.984 	2.668 	4.202 	13	8.739 	8.474 	6.732 	4.104 	12.110 	10	1.596 	0.995 	1.169 	0.679 	2.735 	10	0.0280 	0.0519 	0.0131 	0.0065 	0.0186 	0	#N/A	#N/A	#N/A	#N/A	#N/A	13	0.2152 	0.1419 	0.1633 	0.1392 	0.4257 
	2-1-1994	26	6.167 	2.258 	5.626 	4.210 	9.279 	26	0.775 	0.367 	0.760 	0.504 	1.036 	26	2.411 	0.811 	2.346 	1.517 	3.147 	26	4.078 	1.270 	3.713 	2.997 	5.354 	26	1.384 	0.772 	1.535 	0.530 	2.200 	24	0.0229 	0.0166 	0.0156 	0.0128 	0.0309 	0	#N/A	#N/A	#N/A	#N/A	#N/A	26	0.1988 	0.1041 	0.1856 	0.1065 	0.3014 
	3-1-1994	22	7.436 	2.718 	7.140 	4.291 	10.133 	22	1.689 	0.758 	1.546 	0.984 	2.247 	22	4.066 	1.404 	4.596 	2.466 	5.474 	22	5.068 	1.758 	5.377 	2.832 	7.100 	22	2.790 	1.132 	3.241 	1.465 	3.765 	22	0.0242 	0.0178 	0.0126 	0.0096 	0.0477 	0	#N/A	#N/A	#N/A	#N/A	#N/A	22	0.4930 	0.2324 	0.3949 	0.3486 	0.7699 
	4-1-1994	16	5.315 	3.137 	5.208 	2.081 	9.306 	16	1.069 	0.620 	0.832 	0.573 	1.797 	16	2.505 	0.895 	2.340 	1.896 	3.389 	16	3.353 	1.719 	3.163 	1.619 	5.314 	16	1.661 	0.764 	1.459 	1.012 	2.302 	12	0.0558 	0.0149 	0.0568 	0.0369 	0.0702 	0	#N/A	#N/A	#N/A	#N/A	#N/A	16	0.3360 	0.1970 	0.2670 	0.1608 	0.5341 
	5-1-1994	26	4.889 	2.332 	4.342 	3.256 	8.687 	26	1.027 	0.783 	0.642 	0.462 	1.822 	26	2.264 	1.075 	1.921 	1.306 	4.024 	26	3.228 	1.447 	2.971 	2.055 	5.075 	26	1.451 	1.041 	1.255 	0.462 	3.100 	23	0.0515 	0.0267 	0.0560 	0.0221 	0.0808 	1	0.348 	#N/A	0.348 	0.348 	0.348 	26	0.3120 	0.2319 	0.2575 	0.1364 	0.5333 
	6-1-1994	14	3.397 	2.155 	3.445 	1.165 	5.202 	14	1.032 	0.818 	0.722 	0.424 	1.389 	14	3.696 	3.612 	2.039 	1.336 	6.599 	14	2.443 	1.137 	2.694 	1.209 	3.117 	14	3.081 	3.663 	1.241 	0.692 	6.124 	13	0.0571 	0.0281 	0.0481 	0.0380 	0.0896 	14	3.370 	4.349 	1.596 	0.808 	4.662 	14	0.5334 	0.7434 	0.2354 	0.1126 	0.6574 
	7-1-1994	19	2.190 	1.214 	2.290 	0.679 	3.138 	19	0.794 	0.347 	0.787 	0.507 	1.062 	19	2.910 	2.745 	1.979 	1.131 	4.005 	19	1.762 	0.695 	1.813 	1.279 	2.521 	19	2.467 	2.711 	1.498 	0.947 	3.488 	19	0.0454 	0.0130 	0.0505 	0.0287 	0.0566 	18	4.614 	4.905 	1.982 	1.105 	8.916 	19	0.3194 	0.2591 	0.2270 	0.1769 	0.4910 
	8-1-1994	16	3.004 	1.726 	2.592 	1.737 	4.095 	16	0.464 	0.068 	0.464 	0.394 	0.505 	16	1.339 	0.433 	1.133 	0.997 	1.837 	16	1.907 	0.976 	1.506 	1.186 	2.564 	16	0.859 	0.261 	0.828 	0.588 	1.188 	14	0.0317 	0.0060 	0.0310 	0.0275 	0.0386 	15	2.595 	2.518 	1.165 	0.572 	5.734 	16	0.1874 	0.1103 	0.1518 	0.1049 	0.2664 
	9-1-1994	25	3.519 	2.614 	2.549 	1.508 	5.216 	25	0.950 	0.637 	0.704 	0.429 	1.644 	25	2.560 	2.215 	1.805 	1.255 	3.032 	25	2.419 	1.428 	2.057 	1.482 	3.572 	25	1.951 	2.234 	1.113 	0.822 	2.336 	23	0.0399 	0.0179 	0.0373 	0.0232 	0.0521 	24	4.795 	6.975 	2.622 	0.831 	7.294 	25	0.3471 	0.4244 	0.2046 	0.1189 	0.4713 
	10-1-1994	16	6.335 	3.971 	5.203 	2.852 	11.222 	16	0.574 	0.658 	0.274 	0.122 	1.278 	16	1.841 	0.976 	1.339 	0.981 	2.671 	16	3.755 	2.208 	3.153 	1.857 	6.446 	16	0.896 	0.992 	0.552 	0.162 	2.132 	9	0.0291 	0.0128 	0.0279 	0.0232 	0.0306 	0	#N/A	#N/A	#N/A	#N/A	#N/A	16	0.2427 	0.1366 	0.2011 	0.1499 	0.4245 
	11-1-1994	15	7.860 	2.094 	7.188 	6.978 	9.779 	15	0.770 	0.316 	0.870 	0.399 	0.977 	15	2.129 	0.537 	2.376 	1.416 	2.632 	15	4.925 	1.148 	4.862 	4.262 	6.025 	15	0.890 	0.364 	1.154 	0.463 	1.186 	14	0.0282 	0.0137 	0.0241 	0.0198 	0.0369 	0	#N/A	#N/A	#N/A	#N/A	#N/A	15	0.1782 	0.0722 	0.1659 	0.1053 	0.2598 
	12-1-1994	21	7.873 	2.539 	7.644 	5.099 	11.592 	21	0.831 	0.783 	0.380 	0.306 	1.726 	21	2.313 	1.352 	1.693 	1.365 	4.012 	21	5.040 	1.830 	4.446 	3.349 	8.006 	21	1.044 	1.085 	0.591 	0.283 	1.997 	18	0.0159 	0.0097 	0.0106 	0.0068 	0.0263 	0	#N/A	#N/A	#N/A	#N/A	#N/A	21	0.1845 	0.1898 	0.1566 	0.0501 	0.2803 
	1-1-1995	22	8.673 	12.053 	5.226 	1.144 	11.461 	22	1.529 	2.662 	0.711 	0.169 	1.825 	22	3.130 	4.897 	1.970 	0.512 	3.394 	22	5.592 	8.077 	3.287 	0.739 	7.035 	20	0.851 	0.795 	0.601 	0.326 	1.250 	21	0.0114 	0.0118 	0.0094 	0.0019 	0.0147 	0	#N/A	#N/A	#N/A	#N/A	#N/A	22	0.2438 	0.3039 	0.1469 	0.0530 	0.3123 
	2-1-1995	22	8.323 	2.553 	8.926 	5.659 	9.707 	22	0.961 	0.597 	0.744 	0.574 	1.152 	22	2.897 	0.742 	2.710 	2.155 	3.667 	22	5.124 	1.283 	5.449 	4.124 	5.512 	22	1.607 	0.762 	1.339 	0.806 	2.589 	20	0.0133 	0.0095 	0.0092 	0.0050 	0.0252 	0	#N/A	#N/A	#N/A	#N/A	#N/A	22	0.1829 	0.1139 	0.1324 	0.0736 	0.3485 
	3-1-1995	23	5.440 	2.709 	5.118 	2.980 	8.289 	23	1.213 	0.972 	0.780 	0.374 	1.933 	23	3.375 	2.532 	2.504 	1.087 	5.896 	23	3.487 	1.664 	3.084 	2.228 	5.291 	23	2.497 	2.444 	1.604 	0.450 	4.282 	23	0.0173 	0.0109 	0.0131 	0.0068 	0.0263 	0	#N/A	#N/A	#N/A	#N/A	#N/A	23	0.6091 	0.6194 	0.3593 	0.1256 	1.0589 
	4-1-1995	18	5.902 	2.863 	5.464 	3.569 	9.972 	18	1.318 	0.580 	1.333 	0.682 	1.842 	18	3.852 	1.952 	3.698 	1.935 	5.511 	18	3.882 	1.456 	3.514 	2.787 	5.754 	18	2.875 	2.010 	2.800 	1.108 	4.471 	17	0.0527 	0.0468 	0.0277 	0.0166 	0.1101 	0	#N/A	#N/A	#N/A	#N/A	#N/A	18	0.6012 	0.4065 	0.5173 	0.2083 	1.0665 
	5-1-1995	23	4.961 	1.495 	5.057 	3.258 	6.372 	23	1.024 	0.681 	0.612 	0.490 	1.722 	23	2.641 	1.586 	1.722 	1.512 	4.841 	23	3.224 	0.829 	3.135 	2.493 	3.976 	23	1.829 	1.500 	1.168 	0.761 	3.776 	21	0.0525 	0.0336 	0.0445 	0.0201 	0.0781 	0	#N/A	#N/A	#N/A	#N/A	#N/A	23	0.4063 	0.3424 	0.2725 	0.1162 	0.8912 
	6-1-1995	25	3.083 	1.589 	3.002 	1.469 	5.369 	25	0.737 	0.304 	0.620 	0.549 	0.935 	25	2.090 	1.037 	1.684 	1.441 	3.407 	25	2.029 	0.805 	1.985 	1.213 	3.179 	25	1.580 	1.125 	1.168 	0.692 	3.127 	25	0.0621 	0.0177 	0.0614 	0.0487 	0.0781 	19	1.454 	1.948 	0.806 	0.668 	1.574 	25	0.2368 	0.2120 	0.1434 	0.1086 	0.4882 
	7-1-1995	19	2.779 	2.018 	2.140 	1.165 	4.693 	19	0.680 	0.408 	0.596 	0.376 	0.904 	19	1.614 	0.779 	1.470 	1.117 	1.881 	19	1.739 	1.110 	1.514 	0.767 	2.788 	19	1.177 	0.785 	0.937 	0.698 	1.373 	17	0.0496 	0.0195 	0.0493 	0.0276 	0.0711 	19	7.876 	12.833 	2.194 	0.378 	14.242 	19	0.1975 	0.1781 	0.1536 	0.0842 	0.2176 
	8-1-1995	19	4.601 	3.115 	4.106 	2.600 	6.504 	19	0.526 	0.230 	0.450 	0.373 	0.628 	19	1.999 	0.650 	1.840 	1.414 	2.806 	19	2.744 	1.717 	2.398 	1.568 	3.810 	19	1.308 	0.569 	1.370 	0.792 	1.755 	17	0.0522 	0.0225 	0.0569 	0.0302 	0.0731 	19	2.776 	2.096 	1.730 	1.344 	5.800 	19	0.1955 	0.1488 	0.1378 	0.0936 	0.3100 
	9-1-1995	16	6.576 	5.920 	5.056 	1.081 	12.736 	16	0.677 	0.393 	0.621 	0.292 	0.988 	16	2.110 	0.705 	2.129 	1.414 	2.811 	16	3.832 	3.262 	2.651 	0.764 	7.051 	14	1.208 	0.676 	1.335 	0.367 	1.681 	12	0.0454 	0.0237 	0.0414 	0.0280 	0.0571 	16	1.287 	3.362 	0.420 	0.065 	1.058 	16	0.1695 	0.1110 	0.1639 	0.0444 	0.2526 
	10-1-1995	8	4.937 	2.496 	4.814 	3.042 	7.665 	8	0.525 	0.418 	0.368 	0.230 	1.004 	8	1.583 	0.764 	1.619 	0.834 	2.217 	8	2.980 	1.538 	2.805 	1.923 	4.612 	8	0.833 	0.512 	0.808 	0.336 	1.019 	7	0.0405 	0.0195 	0.0497 	0.0177 	0.0581 	1	0.201 	#N/A	0.201 	0.201 	0.201 	8	0.1704 	0.1282 	0.1261 	0.0817 	0.2773 
	11-1-1995	21	8.206 	8.910 	6.355 	3.578 	9.370 	21	0.900 	0.467 	1.025 	0.367 	1.334 	21	2.611 	1.273 	2.665 	1.483 	3.331 	21	4.902 	4.690 	4.041 	2.334 	5.585 	20	1.416 	0.818 	1.447 	0.561 	2.510 	20	0.0183 	0.0096 	0.0169 	0.0107 	0.0262 	0	#N/A	#N/A	#N/A	#N/A	#N/A	21	0.2301 	0.1361 	0.2036 	0.1163 	0.3563 
	12-1-1995	24	6.991 	2.783 	7.160 	3.755 	9.646 	24	1.180 	0.418 	1.153 	0.791 	1.508 	24	2.936 	0.851 	3.218 	2.028 	3.734 	24	4.331 	1.568 	4.433 	2.739 	5.829 	24	1.846 	0.721 	1.766 	1.235 	2.533 	22	0.0087 	0.0047 	0.0065 	0.0041 	0.0133 	0	#N/A	#N/A	#N/A	#N/A	#N/A	24	0.2275 	0.1226 	0.2035 	0.1212 	0.3018 
	1-1-1996	18	13.108 	11.424 	8.823 	4.744 	21.336 	18	1.853 	2.015 	0.968 	0.715 	2.585 	18	4.789 	4.981 	4.152 	2.357 	5.220 	18	8.110 	7.328 	5.742 	3.332 	12.790 	14	1.981 	1.281 	1.957 	0.821 	3.485 	15	0.0149 	0.0124 	0.0114 	0.0059 	0.0256 	0	#N/A	#N/A	#N/A	#N/A	#N/A	18	0.2979 	0.3261 	0.2253 	0.1437 	0.3631 
	2-1-1996	23	8.972 	3.324 	8.121 	5.727 	12.687 	23	1.569 	1.407 	1.067 	0.630 	2.787 	23	3.844 	2.323 	3.185 	2.382 	4.687 	23	5.428 	1.866 	4.923 	4.005 	7.385 	23	2.478 	2.305 	1.914 	1.033 	3.328 	19	0.0156 	0.0134 	0.0139 	0.0065 	0.0201 	0	#N/A	#N/A	#N/A	#N/A	#N/A	23	0.5368 	0.6897 	0.2418 	0.1414 	0.9921 
	3-1-1996	20	10.047 	5.006 	9.733 	4.990 	16.770 	20	1.709 	1.810 	1.117 	0.448 	3.040 	20	3.720 	2.044 	3.085 	2.113 	5.190 	20	5.824 	2.623 	5.556 	3.222 	9.189 	20	2.254 	2.092 	1.384 	0.772 	4.045 	16	0.0204 	0.0102 	0.0182 	0.0132 	0.0262 	0	#N/A	#N/A	#N/A	#N/A	#N/A	20	0.5232 	0.6375 	0.2797 	0.1233 	0.7755 
	4-1-1996	24	5.546 	1.985 	4.959 	3.672 	8.153 	24	1.724 	0.655 	1.713 	1.209 	2.643 	24	4.168 	1.041 	3.850 	3.376 	5.362 	24	3.717 	0.972 	3.593 	2.703 	5.069 	24	3.233 	1.046 	3.170 	2.378 	4.482 	24	0.0725 	0.0463 	0.0726 	0.0194 	0.1105 	0	#N/A	#N/A	#N/A	#N/A	#N/A	24	0.7093 	0.3008 	0.5563 	0.4640 	1.0365 
	5-1-1996	22	4.455 	1.987 	3.907 	2.302 	6.728 	22	1.365 	0.915 	1.059 	0.553 	2.573 	22	3.998 	2.385 	3.451 	1.950 	5.349 	22	3.205 	0.972 	3.388 	2.057 	4.292 	22	3.192 	2.469 	2.561 	0.928 	4.695 	1	0.1513 	#N/A	0.1513 	0.1513 	0.1513 	0	#N/A	#N/A	#N/A	#N/A	#N/A	22	0.6753 	0.4850 	0.5537 	0.1572 	1.1305 
	6-1-1996	20	2.913 	2.135 	1.851 	1.281 	5.240 	20	0.693 	0.450 	0.552 	0.347 	1.207 	20	2.285 	2.028 	1.444 	1.154 	3.705 	20	1.913 	1.155 	1.344 	0.908 	3.440 	20	1.803 	1.955 	1.066 	0.894 	2.794 	0	#N/A	#N/A	#N/A	#N/A	#N/A	20	0.446 	0.382 	0.411 	0.158 	0.690 	20	0.2628 	0.3040 	0.1310 	0.1003 	0.4843 
	7-1-1996	18	5.877 	2.878 	4.889 	3.034 	8.949 	18	1.064 	0.601 	1.059 	0.440 	1.499 	18	3.430 	1.508 	2.915 	2.067 	5.038 	18	3.846 	1.600 	3.333 	2.451 	5.459 	18	2.462 	1.504 	2.157 	1.074 	4.044 	0	#N/A	#N/A	#N/A	#N/A	#N/A	18	13.730 	17.522 	5.668 	2.495 	23.739 	18	0.3838 	0.2948 	0.3302 	0.1082 	0.6991 
	8-1-1996	17	3.491 	2.055 	3.202 	1.367 	6.216 	17	0.558 	0.104 	0.551 	0.488 	0.658 	17	1.543 	0.421 	1.621 	1.028 	1.956 	17	2.119 	1.102 	1.781 	0.992 	3.441 	17	1.010 	0.303 	1.003 	0.762 	1.292 	0	#N/A	#N/A	#N/A	#N/A	#N/A	17	3.924 	4.068 	2.832 	0.758 	6.856 	17	0.1493 	0.0681 	0.1373 	0.0926 	0.1986 
	9-1-1996	18	3.954 	3.146 	2.131 	1.177 	7.581 	18	0.915 	0.457 	0.810 	0.513 	1.279 	18	3.070 	1.587 	2.644 	1.741 	4.318 	18	2.675 	1.754 	2.482 	1.009 	4.705 	18	2.397 	1.650 	1.915 	1.068 	3.692 	0	#N/A	#N/A	#N/A	#N/A	#N/A	18	5.102 	8.690 	0.537 	-0.033 	15.164 	18	0.3800 	0.2943 	0.2756 	0.1479 	0.6979 
	10-1-1996	16	5.194 	2.278 	5.649 	2.766 	6.831 	16	0.998 	0.687 	0.652 	0.473 	1.944 	16	2.483 	1.464 	1.875 	1.583 	3.246 	16	3.229 	1.361 	3.566 	1.761 	4.098 	16	1.671 	1.306 	1.215 	0.791 	2.562 	0	#N/A	#N/A	#N/A	#N/A	#N/A	0	#N/A	#N/A	#N/A	#N/A	#N/A	16	0.2598 	0.2214 	0.1662 	0.0899 	0.4602 
	11-1-1996	14	7.375 	4.318 	5.599 	3.264 	11.531 	14	0.833 	0.591 	0.650 	0.299 	1.452 	14	2.422 	1.277 	2.195 	1.322 	2.719 	14	4.240 	2.199 	3.486 	2.077 	6.206 	14	1.355 	1.207 	0.950 	0.355 	1.856 	0	#N/A	#N/A	#N/A	#N/A	#N/A	0	#N/A	#N/A	#N/A	#N/A	#N/A	14	0.1794 	0.1904 	0.1247 	0.0544 	0.1822 
	12-1-1996	14	7.867 	3.587 	7.464 	4.286 	11.333 	14	0.947 	0.617 	0.740 	0.394 	1.672 	14	2.290 	1.135 	2.100 	1.199 	3.501 	14	4.458 	1.916 	4.423 	2.671 	5.918 	14	1.168 	0.997 	0.805 	0.338 	2.456 	0	#N/A	#N/A	#N/A	#N/A	#N/A	0	#N/A	#N/A	#N/A	#N/A	#N/A	14	0.2125 	0.1986 	0.1435 	0.0623 	0.3286 
	1-1-1997	27	7.185 	2.782 	6.849 	5.026 	9.850 	27	0.972 	0.511 	0.871 	0.393 	1.330 	27	2.649 	0.960 	2.779 	1.428 	3.428 	27	4.307 	1.564 	4.069 	2.822 	5.952 	27	1.565 	0.933 	1.371 	0.601 	2.440 	0	#N/A	#N/A	#N/A	#N/A	#N/A	0	#N/A	#N/A	#N/A	#N/A	#N/A	27	0.2481 	0.1903 	0.1885 	0.0747 	0.3978 
	2-1-1997	25	5.881 	1.823 	6.281 	3.670 	7.654 	25	0.965 	0.805 	0.770 	0.335 	1.785 	25	2.379 	1.324 	1.757 	1.412 	3.273 	25	3.183 	0.909 	3.237 	2.280 	4.289 	25	1.578 	1.368 	1.311 	0.489 	2.498 	0	#N/A	#N/A	#N/A	#N/A	#N/A	0	#N/A	#N/A	#N/A	#N/A	#N/A	25	0.2555 	0.1827 	0.2393 	0.0719 	0.4625 
	3-1-1997	22	7.249 	2.735 	8.058 	4.184 	10.006 	22	0.929 	0.621 	0.686 	0.531 	1.480 	22	2.530 	0.966 	2.448 	1.546 	3.350 	22	4.019 	1.575 	4.280 	2.268 	5.698 	22	1.518 	0.764 	1.266 	0.827 	2.256 	0	#N/A	#N/A	#N/A	#N/A	#N/A	0	#N/A	#N/A	#N/A	#N/A	#N/A	22	0.2664 	0.1835 	0.1766 	0.1267 	0.4076 
	4-1-1997	27	7.034 	2.564 	7.645 	3.798 	9.821 	27	1.599 	0.924 	1.358 	0.739 	2.284 	27	3.101 	0.828 	3.084 	2.529 	3.838 	27	4.527 	1.695 	4.290 	2.328 	6.539 	27	1.961 	0.880 	2.051 	1.052 	2.899 	0	#N/A	#N/A	#N/A	#N/A	#N/A	0	#N/A	#N/A	#N/A	#N/A	#N/A	27	0.5404 	0.3014 	0.4587 	0.2052 	0.8503 
	5-1-1997	23	5.441 	2.110 	5.459 	3.741 	7.092 	23	1.129 	1.002 	0.830 	0.384 	1.864 	23	2.751 	1.109 	2.374 	1.809 	4.189 	23	3.424 	1.178 	3.629 	2.218 	4.582 	23	1.889 	1.141 	1.415 	0.976 	3.391 	0	#N/A	#N/A	#N/A	#N/A	#N/A	0	#N/A	#N/A	#N/A	#N/A	#N/A	23	0.3273 	0.2716 	0.1922 	0.1242 	0.6161 
	6-1-1997	20	4.137 	2.570 	2.921 	1.385 	7.465 	20	1.115 	0.589 	1.167 	0.530 	1.694 	20	2.746 	1.433 	2.298 	1.684 	3.751 	20	2.757 	1.546 	2.066 	1.158 	4.826 	20	2.052 	1.614 	1.234 	0.679 	3.340 	0	#N/A	#N/A	#N/A	#N/A	#N/A	0	#N/A	#N/A	#N/A	#N/A	#N/A	20	0.2849 	0.2319 	0.1930 	0.0715 	0.5016 
	7-1-1997	26	3.605 	1.551 	3.304 	2.138 	4.774 	26	0.590 	0.233 	0.561 	0.383 	0.709 	26	1.647 	0.680 	1.530 	1.250 	1.819 	26	2.171 	0.946 	1.977 	1.410 	2.868 	26	1.100 	0.546 	0.973 	0.729 	1.292 	0	#N/A	#N/A	#N/A	#N/A	#N/A	26	8.861 	8.377 	6.336 	1.587 	17.774 	26	0.1077 	0.0967 	0.0802 	0.0434 	0.1441 
	8-1-1997	27	3.717 	2.154 	3.593 	1.486 	5.186 	27	0.444 	0.102 	0.439 	0.345 	0.544 	27	1.410 	0.361 	1.332 	1.124 	1.766 	27	2.286 	1.200 	2.040 	1.118 	3.212 	27	0.835 	0.277 	0.837 	0.570 	1.001 	0	#N/A	#N/A	#N/A	#N/A	#N/A	27	3.798 	5.615 	1.809 	1.076 	5.215 	27	0.0842 	0.0492 	0.0804 	0.0419 	0.1147 
	9-1-1997	21	4.413 	2.510 	3.536 	2.277 	6.659 	21	0.527 	0.535 	0.331 	0.178 	0.619 	21	2.580 	3.090 	1.686 	1.019 	2.797 	21	2.810 	1.340 	3.055 	1.720 	4.071 	21	1.872 	3.195 	1.011 	0.365 	1.521 	0	#N/A	#N/A	#N/A	#N/A	#N/A	21	2.314 	2.154 	1.852 	0.676 	3.143 	21	0.2708 	0.4963 	0.1046 	0.0283 	0.2445 
	10-1-1997	12	6.034 	5.345 	4.171 	2.077 	13.351 	12	1.716 	1.684 	1.178 	0.391 	2.787 	12	5.253 	3.969 	4.223 	2.465 	6.795 	12	3.945 	2.794 	2.997 	1.952 	7.408 	12	4.260 	4.289 	2.839 	0.814 	6.101 	0	#N/A	#N/A	#N/A	#N/A	#N/A	12	2.101 	3.330 	0.876 	0.613 	2.490 	12	0.7383 	0.7630 	0.4449 	0.1518 	1.1540 
	11-1-1997	20	7.805 	3.312 	8.283 	3.985 	11.267 	20	1.308 	0.728 	1.130 	0.461 	1.909 	20	3.119 	0.971 	3.199 	2.025 	3.877 	20	4.892 	1.836 	4.830 	3.120 	6.795 	20	1.888 	0.980 	1.663 	1.048 	3.070 	0	#N/A	#N/A	#N/A	#N/A	#N/A	20	1.156 	0.884 	0.738 	0.406 	2.134 	20	0.3125 	0.1747 	0.2456 	0.1667 	0.5013 
	12-1-1997	30	9.934 	5.052 	8.713 	5.054 	15.491 	30	1.266 	1.031 	1.068 	0.582 	2.106 	30	2.852 	0.846 	2.888 	2.215 	3.567 	30	5.956 	2.633 	4.969 	3.401 	8.804 	28	1.376 	0.833 	1.209 	0.704 	1.953 	0	#N/A	#N/A	#N/A	#N/A	#N/A	30	0.804 	0.344 	0.747 	0.449 	1.147 	30	0.1814 	0.1298 	0.1665 	0.0499 	0.2980 
																																																	

																																													
																																													
																																													
																																													
