
	DATE	N_CL	AVG_CL	STD_CL	MED_CL	P16_CL	P84_CL	N_NO3	AVG_NO3	STD_NO3	MED_NO3	P16_NO3	P84_NO3	N_SO4	AVG_SO4	STD_SO4	MED_SO4	P16_SO4	P84_SO4	N_NA	AVG_NA	STD_NA	MED_NA	P16_NA	P84_NA	N_NSSSO4	AVG_NSSSO4	_NSSSO4BIO	_NSSSO4NBIO	STD_NSSSO4	MED_NSSSO4	P16_NSSSO4	P84_NSSSO4	N_MSA	AVG_MSA	STD_MSA	MED_MSA	P16_MSA	P84_MSA	N_DUST	AVG_DUST	STD_DUST	MED_DUST	P16_DUST	P84_DUST	N_NH4	AVG_NH4	STD_NH4	MED_NH4	P16_NH4	P84_NH4
	1-1-1988	26	0.493	0.299	0.663	0.061	0.717	26	0.355	0.161	0.471	0.135	0.471	26	0.278	0.129	0.334	0.110	0.387	26	0.313	0.193	0.429	0.033	0.466	26	0.200			0.087	0.221	0.105	0.279	0						26	2.85	2.24	2.76	0.45	6.84	0					
	2-1-1988	20	0.213	0.137	0.187	0.094	0.293	20	0.238	0.090	0.196	0.172	0.362	20	0.242	0.095	0.222	0.150	0.359	20	0.142	0.093	0.126	0.065	0.156	20	0.206			0.098	0.182	0.124	0.327	0						20	4.48	2.74	4.99	0.95	7.10	0					
	3-1-1988	16	0.809	0.609	0.495	0.431	1.241	16	0.896	0.633	0.544	0.396	1.417	16	1.675	1.614	0.910	0.243	3.542	16	0.437	0.450	0.246	0.046	0.840	16	1.565			1.514	0.848	0.234	3.250	0						16	211.64	319.10	42.10	3.55	593.14	0					
	4-1-1988	30	0.441	0.168	0.444	0.273	0.570	30	0.641	0.370	0.504	0.327	0.960	30	0.470	0.226	0.503	0.226	0.693	30	0.084	0.094	0.053	0.026	0.116	30	0.449			0.226	0.479	0.200	0.662	0						30	2.05	1.37	1.76	0.80	3.40	0					
	5-1-1988	31	0.446	0.231	0.454	0.181	0.591	31	0.805	0.407	0.742	0.441	1.165	31	0.717	0.465	0.614	0.346	0.908	31	0.098	0.190	0.038	0.026	0.089	31	0.692			0.459	0.602	0.334	0.900	0						31	2.61	5.23	1.09	0.58	2.46	0					
	6-1-1988	30	0.547	0.375	0.490	0.301	0.622	30	0.894	0.415	0.770	0.559	1.393	30	0.888	0.634	0.676	0.321	1.734	30	0.144	0.211	0.054	0.015	0.257	30	0.852			0.607	0.665	0.317	1.703	0						30	14.18	27.29	1.46	0.56	26.38	0					
	7-1-1988	30	0.891	0.817	0.454	0.215	1.617	30	1.195	0.667	0.888	0.560	1.985	30	2.071	2.415	0.605	0.137	4.396	30	0.420	0.572	0.138	0.019	0.870	30	1.966			2.281	0.568	0.130	4.253	0						30	123.57	195.26	32.68	0.63	241.46	1	0.519	#DIV/0!	0.519	0.519	0.519
	8-1-1988	30	0.876	0.537	0.635	0.420	1.423	30	1.337	0.458	1.184	0.942	1.884	30	2.538	1.856	1.996	0.696	4.698	30	0.376	0.299	0.296	0.072	0.761	30	2.444			1.784	1.922	0.679	4.513	0						30	107.69	105.34	53.96	18.24	214.16	30	1.043	0.451	0.939	0.622	1.564
	9-1-1988	29	0.887	0.984	0.618	0.312	1.073	29	1.005	0.599	0.800	0.529	1.517	29	1.444	1.924	0.713	0.258	2.685	29	0.376	0.726	0.080	0.040	0.484	29	1.350	0.124	1.226	1.747	0.695	0.242	2.563	27	0.0068	0.0032	0.0064	0.0042	0.0084	29	109.03	226.21	25.44	1.33	179.30	29	0.591	0.197	0.559	0.407	0.778
	10-1-1988	28	0.527	0.384	0.532	0.152	0.843	28	0.582	0.454	0.497	0.115	0.976	28	0.444	0.592	0.254	0.065	0.736	28	0.138	0.148	0.096	0.037	0.184	28	0.410	0.103	0.307	0.557	0.234	0.043	0.659	28	0.0057	0.0027	0.0063	0.0016	0.0070	28	6.70	10.01	4.83	0.48	9.33	27	0.427	0.334	0.476	0.034	0.750
	11-1-1988	29	0.565	0.168	0.564	0.371	0.632	29	0.396	0.375	0.312	0.229	0.426	29	0.311	0.194	0.236	0.154	0.574	29	0.192	0.106	0.229	0.063	0.293	29	0.263	0.085	0.178	0.193	0.163	0.118	0.516	29	0.0047	0.0011	0.0049	0.0037	0.0059	29	1.59	2.43	0.74	0.25	3.38	29	0.346	0.226	0.265	0.122	0.561
	12-1-1988	30	0.687	0.536	0.517	0.318	0.976	30	0.876	1.004	0.555	0.397	0.888	30	0.886	1.104	0.574	0.156	1.348	30	0.282	0.420	0.125	0.029	0.381	30	0.815	0.093	0.723	1.001	0.516	0.147	1.204	30	0.0051	0.0017	0.0053	0.0032	0.0064	30	27.92	54.31	2.78	0.56	65.17	30	0.502	0.314	0.382	0.285	0.796
	1-1-1989	27	1.007	1.007	0.589	0.327	2.139	27	0.577	0.476	0.325	0.271	1.146	27	1.687	2.447	0.344	0.120	4.190	27	0.625	1.065	0.119	0.033	1.740	27	1.530	0.081	1.449	2.191	0.333	0.110	3.713	27	0.0045	0.0013	0.0042	0.0032	0.0064	0						27	0.503	0.621	0.334	0.304	0.494
	2-1-1989	17	0.902	0.491	0.735	0.426	1.354	17	0.676	0.523	0.405	0.204	1.192	17	1.809	1.852	1.359	0.112	3.718	17	0.483	0.440	0.427	0.011	0.930	17	1.688	0.092	1.596	1.747	1.230	0.090	3.484	17	0.0051	0.0018	0.0043	0.0039	0.0067	0						16	0.786	1.429	0.421	0.292	0.589
	3-1-1989	31	1.507	0.969	1.407	0.601	2.248	31	0.893	0.513	0.922	0.248	1.444	31	1.482	1.025	1.422	0.450	2.544	31	0.676	0.587	0.595	0.168	1.002	31	1.312	0.131	1.181	0.929	1.265	0.388	2.306	31	0.0072	0.0038	0.0068	0.0035	0.0087	0						30	0.632	0.287	0.536	0.351	0.913
	4-1-1989	21	0.898	0.737	0.495	0.255	1.847	21	0.466	0.207	0.427	0.299	0.618	21	0.421	0.322	0.289	0.128	0.677	21	0.275	0.451	0.035	0.012	1.003	21	0.351	0.096	0.255	0.235	0.285	0.125	0.584	20	0.0053	0.0016	0.0051	0.0034	0.0075	1	0.62	#DIV/0!	0.62	0.62	0.62	21	0.618	0.411	0.538	0.397	0.594
	5-1-1989	23	0.491	0.602	0.291	0.118	0.688	23	0.776	0.447	0.898	0.363	1.135	23	0.566	0.421	0.549	0.271	0.735	23	0.155	0.132	0.117	0.054	0.234	23	0.527	0.119	0.408	0.395	0.524	0.262	0.681	21	0.0066	0.0040	0.0056	0.0041	0.0076	19	11.28	14.87	2.83	0.90	31.39	23	0.576	0.513	0.480	0.211	0.857
	6-1-1989	13	0.156	0.147	0.129	0.050	0.230	13	1.091	0.317	1.047	0.868	1.504	13	0.589	0.382	0.575	0.279	1.043	13	0.229	0.163	0.175	0.064	0.449	13	0.531	0.094	0.437	0.376	0.559	0.210	0.925	12	0.0052	0.0027	0.0050	0.0029	0.0061	11	28.24	32.44	8.24	2.52	70.36	13	0.194	0.137	0.195	0.073	0.237
	7-1-1989	23	0.672	0.686	0.416	0.142	1.195	23	1.558	0.813	1.381	0.811	2.242	23	2.167	1.998	1.479	0.296	4.669	23	0.462	0.485	0.265	0.124	0.840	23	2.050	0.111	1.940	1.890	1.388	0.273	4.496	19	0.0061	0.0052	0.0041	0.0025	0.0092	23	70.51	92.62	46.98	0.54	159.17	23	0.545	0.470	0.361	0.107	0.986
	8-1-1989	21	0.459	0.383	0.502	0.114	0.610	21	1.319	0.410	1.258	1.027	1.613	21	1.657	1.251	1.642	0.309	2.550	21	0.324	0.285	0.257	0.063	0.447	21	1.575	0.078	1.497	1.193	1.641	0.293	2.443	17	0.0043	0.0018	0.0040	0.0030	0.0055	19	72.38	59.97	51.08	15.67	154.05	21	0.447	0.320	0.405	0.098	0.753
	9-1-1989	17	0.457	0.400	0.365	0.100	0.873	17	0.949	0.513	0.788	0.502	1.523	17	1.063	1.612	0.316	0.199	1.929	17	0.259	0.238	0.217	0.070	0.438	17	0.998	0.134	0.864	1.570	0.262	0.164	1.873	11	0.0074	0.0084	0.0047	0.0034	0.0076	14	20.86	35.44	1.41	0.27	57.78	17	0.339	0.396	0.088	0.042	0.852
	10-1-1989	17	0.540	0.564	0.320	0.075	0.983	16	0.416	0.245	0.364	0.195	0.673	17	0.678	0.677	0.417	0.130	1.548	17	0.244	0.341	0.187	-0.055	0.556	17	0.617	0.132	0.484	0.609	0.383	0.128	1.407	14	0.0073	0.0040	0.0076	0.0033	0.0114	14	8.03	16.77	1.06	0.23	11.24	17	0.200	0.158	0.156	0.096	0.368
	11-1-1989	17	0.598	0.474	0.491	0.176	1.173	17	0.410	0.344	0.343	0.169	0.467	17	0.609	0.645	0.386	0.185	0.932	17	0.270	0.323	0.137	0.014	0.560	17	0.541	0.104	0.437	0.609	0.362	0.095	0.863	14	0.0057	0.0036	0.0047	0.0032	0.0090	10	4.14	9.25	0.38	0.08	5.61	17	0.011	0.198	0.025	-0.065	0.069
	12-1-1989	21	0.312	0.565	0.194	-0.143	0.769	20	0.242	0.214	0.184	0.006	0.418	21	0.119	0.213	0.041	-0.049	0.269	21	0.047	0.328	-0.028	-0.085	0.176	21	0.107	0.051	0.056	0.158	0.093	-0.042	0.246	13	0.0028	0.0033	0.0021	0.0000	0.0047	6	1.62	3.33	0.30	0.09	2.14	21	-0.036	0.160	-0.031	-0.099	0.019
	1-1-1990	9	0.409	0.346	0.341	0.168	0.634	9	0.219	0.167	0.186	0.068	0.420	9	0.312	0.240	0.255	0.125	0.533	9	0.220	0.218	0.205	0.052	0.331	9	0.257	0.043	0.214	0.211	0.184	0.086	0.400	8	0.0024	0.0017	0.0028	0.0004	0.0039	8	0.54	0.51	0.47	0.13	0.74	9	0.100	0.135	0.041	0.033	0.122
	2-1-1990	6	1.016	0.486	0.884	0.678	1.241	6	1.105	0.989	0.861	0.359	1.656	6	1.492	1.159	1.140	0.724	2.322	6	0.673	0.325	0.633	0.419	0.788	6	1.323	0.066	1.256	1.168	0.898	0.572	2.204	4	0.0037	0.0026	0.0045	0.0019	0.0054	5	26.33	29.96	13.25	2.05	54.47	6	0.359	0.373	0.223	0.084	0.639
	3-1-1990	12	0.983	0.604	0.797	0.367	1.614	12	0.570	0.446	0.403	0.302	0.955	12	1.111	0.988	0.706	0.369	1.779	12	0.636	0.423	0.479	0.216	1.091	12	0.951	0.079	0.873	0.897	0.528	0.308	1.623	9	0.0044	0.0026	0.0039	0.0028	0.0070	12	14.63	24.11	1.51	0.48	40.41	12	0.248	0.177	0.167	0.125	0.445
	4-1-1990	15	0.613	0.500	0.459	0.299	0.871	15	0.543	0.364	0.489	0.191	0.936	15	0.692	0.548	0.447	0.205	1.421	15	0.360	0.362	0.287	0.070	0.500	15	0.601	0.065	0.536	0.478	0.432	0.174	1.244	13	0.0036	0.0020	0.0035	0.0023	0.0050	14	12.74	23.21	1.44	0.63	30.97	15	0.174	0.107	0.120	0.080	0.316
	5-1-1990	25	0.692	1.372	0.220	0.125	0.588	25	0.810	0.601	0.629	0.430	1.208	25	1.526	3.183	0.522	0.297	0.987	25	0.651	1.554	0.177	0.038	0.624	25	1.362	0.100	1.262	2.799	0.428	0.278	0.923	23	0.0055	0.0056	0.0036	0.0028	0.0080	14	0.88	0.61	0.73	0.34	1.35	25	0.267	0.346	0.149	0.066	0.331
	6-1-1990	29	0.533	0.621	0.257	0.126	1.017	29	0.855	0.418	0.732	0.496	1.285	29	0.714	0.690	0.386	0.273	1.110	29	0.293	0.351	0.182	0.098	0.440	29	0.641	0.101	0.539	0.647	0.345	0.244	1.028	21	0.0056	0.0036	0.0056	0.0021	0.0096	13	3.28	8.41	0.68	0.39	2.12	29	0.203	0.224	0.112	0.038	0.349
	7-1-1990	22	0.720	0.443	0.719	0.246	1.104	22	1.344	0.605	1.453	0.779	1.639	22	1.958	1.338	1.849	0.461	3.013	22	0.473	0.297	0.448	0.190	0.770	22	1.839	0.088	1.750	1.286	1.742	0.413	2.854	18	0.0049	0.0039	0.0039	0.0022	0.0069	21	44.81	40.26	52.00	1.62	87.28	22	0.599	0.882	0.499	0.086	0.650
	8-1-1990	21	1.054	0.774	0.751	0.470	1.695	21	1.402	0.335	1.375	1.044	1.725	21	2.347	1.288	2.035	1.116	3.477	21	0.685	0.556	0.484	0.261	1.187	21	2.174	0.065	2.109	1.163	1.912	1.040	3.258	17	0.0036	0.0021	0.0031	0.0024	0.0042	19	66.30	51.96	48.00	17.18	106.40	21	0.555	0.249	0.533	0.262	0.844
	9-1-1990	19	0.561	0.347	0.400	0.248	0.833	19	0.901	0.422	0.814	0.452	1.261	19	0.895	0.609	0.854	0.320	1.484	19	0.344	0.261	0.237	0.094	0.615	19	0.808	0.090	0.718	0.563	0.658	0.273	1.433	14	0.0050	0.0036	0.0035	0.0021	0.0076	16	23.35	40.95	2.20	0.79	48.63	19	0.305	0.261	0.232	0.115	0.495
	10-1-1990	26	0.300	0.308	0.155	0.095	0.578	26	0.526	0.396	0.331	0.237	0.966	26	0.503	0.523	0.272	0.141	0.982	26	0.233	0.303	0.131	0.016	0.280	26	0.444	0.088	0.357	0.471	0.241	0.128	0.805	19	0.0048	0.0033	0.0043	0.0023	0.0060	22	7.34	16.96	0.37	0.10	6.91	26	0.206	0.257	0.109	0.041	0.339
	11-1-1990	21	0.523	0.534	0.422	0.086	0.928	21	0.430	0.322	0.337	0.203	0.651	20	0.367	0.282	0.283	0.122	0.559	21	0.263	0.309	0.246	0.003	0.448	20	0.298	0.081	0.217	0.214	0.243	0.114	0.488	13	0.0045	0.0017	0.0045	0.0035	0.0061	14	3.58	9.36	0.76	0.22	2.47	21	0.232	0.204	0.155	0.077	0.422
	12-1-1990	19	0.668	0.693	0.362	0.076	1.231	19	0.506	0.373	0.432	0.146	0.784	19	0.628	0.489	0.531	0.126	1.167	19	0.283	0.288	0.142	0.035	0.600	19	0.556	0.049	0.507	0.446	0.488	0.115	1.028	11	0.0027	0.0019	0.0022	0.0009	0.0049	11	8.88	15.04	2.40	0.17	19.24	19	0.257	0.177	0.183	0.098	0.423
	1-1-1991	11	0.388	0.251	0.332	0.171	0.642	11	0.413	0.368	0.215	0.143	0.832	11	0.410	0.467	0.232	0.156	0.594	11	0.262	0.179	0.232	0.131	0.373	11	0.344	0.043	0.300	0.437	0.158	0.075	0.539	5	0.0024	0.0014	0.0022	0.0011	0.0038	4	4.69	6.93	1.64	0.59	9.04	10	0.167	0.158	0.112	0.025	0.334
	2-1-1991	17	0.355	0.263	0.268	0.203	0.481	17	0.315	0.179	0.239	0.180	0.424	17	0.380	0.299	0.339	0.146	0.520	17	0.271	0.251	0.226	0.128	0.287	17	0.312	0.047	0.266	0.244	0.265	0.136	0.428	14	0.0026	0.0018	0.0023	0.0011	0.0034	14	4.88	7.19	3.44	0.41	5.00	17	0.095	0.073	0.067	0.045	0.143
	3-1-1991	18	0.554	0.365	0.379	0.247	1.051	18	0.314	0.225	0.218	0.149	0.557	18	0.356	0.135	0.362	0.220	0.487	18	0.325	0.211	0.253	0.166	0.659	18	0.274	0.073	0.201	0.124	0.242	0.155	0.395	16	0.0040	0.0040	0.0030	0.0009	0.0070	10	1.52	1.51	0.76	0.34	3.66	18	0.127	0.065	0.108	0.081	0.171
	4-1-1991	24	0.766	0.688	0.523	0.204	1.366	24	0.626	0.416	0.492	0.355	0.799	24	0.797	0.497	0.624	0.457	1.063	24	0.476	0.436	0.350	0.153	0.789	24	0.677	0.109	0.568	0.408	0.540	0.356	0.934	15	0.0060	0.0037	0.0045	0.0034	0.0103	17	1.98	2.27	1.09	0.58	3.04	24	0.318	0.259	0.239	0.112	0.524
	5-1-1991	25	1.121	1.612	0.458	0.262	1.814	25	0.953	0.572	0.746	0.516	1.504	25	1.754	2.533	0.690	0.422	2.927	25	0.798	1.220	0.283	0.186	1.291	25	1.553	0.088	1.465	2.244	0.558	0.408	2.801	20	0.0049	0.0018	0.0043	0.0032	0.0068	23	34.32	85.64	1.34	0.74	46.76	25	0.237	0.177	0.149	0.113	0.418
	6-1-1991	18	0.531	0.613	0.236	0.165	0.967	18	1.028	0.564	0.816	0.548	1.772	18	1.162	1.292	0.482	0.261	2.775	18	0.512	0.577	0.222	0.186	0.960	18	1.033	0.068	0.964	1.163	0.432	0.214	2.542	16	0.0038	0.0040	0.0021	0.0015	0.0058	18	32.16	59.50	0.77	0.48	89.25	18	0.265	0.303	0.119	0.075	0.629
	7-1-1991	21	0.498	0.454	0.294	0.189	0.960	21	1.226	0.569	1.063	0.659	1.840	21	1.244	1.071	0.900	0.301	2.291	21	0.456	0.341	0.309	0.206	0.864	21	1.129	0.086	1.042	1.000	0.811	0.249	2.165	19	0.0048	0.0020	0.0046	0.0025	0.0069	18	35.86	68.68	6.36	1.04	44.34	21	0.360	0.270	0.299	0.094	0.686
	8-1-1991	17	0.771	0.776	0.416	0.187	1.712	17	1.202	0.620	1.231	0.601	1.732	17	1.353	1.617	0.757	0.403	2.341	17	0.612	0.517	0.363	0.226	1.220	17	1.199	0.057	1.142	1.504	0.543	0.321	2.126	10	0.0032	0.0015	0.0025	0.0022	0.0047	11	47.34	71.18	8.14	2.90	113.48	17	0.418	0.419	0.327	0.083	0.665
	9-1-1991	25	0.704	0.528	0.567	0.254	0.985	25	1.069	0.452	1.001	0.607	1.608	25	1.207	0.878	0.822	0.390	2.072	25	0.592	0.427	0.458	0.262	0.827	25	1.058	0.105	0.953	0.857	0.726	0.322	1.960	20	0.0058	0.0027	0.0054	0.0030	0.0090	17	35.17	44.87	17.25	0.44	77.72	25	0.407	0.368	0.293	0.101	0.620
	10-1-1991	22	0.746	0.804	0.549	0.188	1.342	22	0.527	0.414	0.422	0.240	0.836	21	0.599	0.526	0.437	0.196	0.945	22	0.613	0.640	0.382	0.170	1.125	21	0.439	0.079	0.360	0.396	0.356	0.151	0.750	15	0.0044	0.0033	0.0036	0.0023	0.0062	16	4.11	9.01	0.78	0.17	4.77	22	0.315	0.289	0.248	0.080	0.526
	11-1-1991	15	0.541	0.359	0.421	0.195	0.955	15	0.547	0.344	0.474	0.271	0.981	15	0.475	0.400	0.367	0.213	0.544	15	0.500	0.354	0.343	0.213	0.968	15	0.349	0.058	0.292	0.371	0.188	0.147	0.365	11	0.0032	0.0015	0.0026	0.0018	0.0046	10	4.23	6.84	1.33	0.28	9.94	15	0.154	0.119	0.118	0.061	0.281
	12-1-1991	5	0.395	0.259	0.426	0.170	0.611	5	0.510	0.275	0.527	0.274	0.768	5	0.372	0.174	0.404	0.235	0.496	5	0.418	0.224	0.444	0.231	0.574	5	0.267	0.059	0.208	0.143	0.227	0.171	0.381	4	0.0032	0.0019	0.0026	0.0019	0.0046	4	3.89	2.87	3.98	1.43	6.34	5	0.209	0.186	0.154	0.043	0.392
	1-1-1992	8	0.672	0.409	0.668	0.234	1.143	8	1.220	1.073	0.939	0.288	2.240	8	0.838	0.509	0.842	0.256	1.327	8	0.594	0.469	0.513	0.161	0.941	8	0.688	0.072	0.616	0.453	0.689	0.208	1.069	5	0.0040	0.0019	0.0028	0.0026	0.0060	3	72.42	42.71	90.63	45.07	99.04	7	0.330	0.295	0.278	0.071	0.426
	2-1-1992	13	0.892	1.508	0.344	0.134	1.110	13	0.567	0.610	0.307	0.159	0.968	13	1.047	1.542	0.367	0.163	1.943	13	0.745	1.242	0.366	0.173	0.828	13	0.859	0.044	0.814	1.248	0.257	0.112	1.746	7	0.0025	0.0005	0.0025	0.0021	0.0029	9	28.48	38.99	4.49	1.38	69.55	13	0.272	0.302	0.116	0.069	0.481
	3-1-1992	16	0.502	0.520	0.320	0.207	0.682	16	0.569	0.398	0.412	0.258	0.969	16	0.560	0.413	0.434	0.341	0.565	16	0.396	0.387	0.223	0.198	0.488	16	0.460	0.054	0.407	0.324	0.368	0.274	0.492	12	0.0030	0.0011	0.0028	0.0020	0.0033	13	0.73	0.43	0.60	0.33	1.25	16	0.186	0.164	0.135	0.082	0.257
	4-1-1992	22	1.145	1.295	0.437	0.174	2.751	22	1.001	0.592	0.819	0.505	1.582	22	1.719	1.947	0.562	0.400	4.134	22	0.950	1.002	0.404	0.197	2.336	22	1.480	0.130	1.349	1.700	0.502	0.335	3.550	19	0.0072	0.0092	0.0052	0.0031	0.0081	18	68.82	107.30	2.68	0.54	198.75	22	0.285	0.234	0.173	0.118	0.491
	5-1-1992	22	0.453	0.364	0.315	0.188	0.647	22	0.768	0.343	0.689	0.438	1.042	22	0.728	0.292	0.655	0.481	0.936	22	0.418	0.274	0.345	0.202	0.613	22	0.623	0.094	0.529	0.249	0.560	0.367	0.876	14	0.0052	0.0058	0.0036	0.0027	0.0056	12	2.81	2.85	2.32	0.76	3.96	22	0.247	0.112	0.248	0.135	0.324
	6-1-1992	30	0.350	0.268	0.260	0.166	0.524	30	0.843	0.352	0.855	0.563	1.252	29	0.762	0.436	0.642	0.475	1.066	30	0.350	0.230	0.290	0.181	0.466	29	0.672	0.091	0.581	0.407	0.580	0.400	0.943	25	0.0050	0.0081	0.0030	0.0019	0.0056	27	2.18	3.12	0.79	0.35	6.07	30	0.273	0.367	0.163	0.118	0.279
	7-1-1992	21	0.373	0.341	0.219	0.149	0.567	21	1.162	0.897	0.960	0.662	1.537	21	1.117	1.075	0.626	0.433	2.228	21	0.255	0.209	0.200	0.087	0.408	21	1.053	0.088	0.964	1.052	0.619	0.374	2.074	19	0.0049	0.0041	0.0035	0.0025	0.0057	19	8.71	15.03	0.72	0.29	16.97	21	0.210	0.135	0.173	0.106	0.271
	8-1-1992	17	0.506	0.351	0.387	0.212	0.987	17	1.191	0.588	1.190	0.632	1.725	17	1.753	1.462	1.047	0.533	3.007	18	0.284	0.222	0.194	0.070	0.514	17	1.678	0.059	1.619	1.411	1.008	0.489	2.900	16	0.0033	0.0015	0.0031	0.0017	0.0046	14	70.78	91.05	32.31	3.36	105.31	18	0.429	0.360	0.430	0.062	0.908
	9-1-1992	21	1.316	1.229	0.772	0.447	2.723	21	1.207	1.019	1.016	0.332	1.729	21	1.488	1.184	0.874	0.445	2.878	21	0.732	0.739	0.568	0.181	1.335	19	1.478	0.076	1.401	1.086	0.840	0.460	2.780	15	0.0042	0.0035	0.0043	0.0012	0.0059	18	53.24	61.55	33.69	0.99	123.02	21	0.360	0.390	0.195	0.068	0.617
	10-1-1992	18	0.515	0.531	0.302	0.134	0.888	18	0.730	1.240	0.376	0.270	0.670	18	0.547	0.467	0.423	0.226	0.690	18	0.272	0.272	0.212	0.060	0.406	18	0.479	0.097	0.382	0.419	0.363	0.197	0.571	15	0.0053	0.0021	0.0056	0.0030	0.0075	19	6.38	15.83	0.91	0.20	7.37	18	0.153	0.126	0.110	0.043	0.281
	11-1-1992	10	0.697	0.640	0.498	0.201	1.161	10	0.658	0.366	0.559	0.407	1.053	10	0.822	0.795	0.565	0.263	1.403	10	0.356	0.398	0.164	0.058	0.714	10	0.732	0.075	0.657	0.743	0.489	0.248	1.215	6	0.0042	0.0027	0.0034	0.0025	0.0065	8	4.12	4.03	2.94	1.02	8.09	10	0.162	0.187	0.108	0.001	0.317
	12-1-1992	16	0.573	0.370	0.447	0.287	0.869	16	0.351	0.144	0.300	0.232	0.500	16	0.555	0.284	0.448	0.332	0.848	16	0.260	0.230	0.229	0.025	0.413	16	0.489	0.065	0.424	0.245	0.433	0.326	0.725	12	0.0036	0.0014	0.0037	0.0021	0.0049	17	3.27	10.35	0.50	0.18	1.45	16	0.091	0.087	0.078	-0.002	0.190
	1-1-1993	10	0.675	0.259	0.672	0.415	0.914	10	1.058	1.979	0.393	0.310	0.849	10	0.613	0.252	0.526	0.455	0.896	10	0.294	0.159	0.228	0.151	0.450	10	0.539	0.075	0.464	0.227	0.481	0.399	0.758	2	0.0041	0.0004	0.0041	0.0039	0.0043	0						10	0.184	0.160	0.147	0.049	0.348
	2-1-1993	13	0.729	0.509	0.746	0.185	1.398	13	0.359	0.264	0.268	0.142	0.573	13	0.928	0.934	0.631	0.158	1.802	13	0.416	0.292	0.418	0.100	0.804	13	0.823	0.071	0.752	0.882	0.499	0.136	1.593	10	0.0039	0.0021	0.0037	0.0018	0.0059	0						13	0.231	0.238	0.121	0.067	0.490
	3-1-1993	19	0.404	0.292	0.328	0.156	0.577	19	0.384	0.196	0.313	0.253	0.564	19	0.547	0.259	0.518	0.322	0.832	19	0.200	0.233	0.132	0.076	0.277	19	0.497	0.069	0.428	0.231	0.498	0.309	0.751	15	0.0038	0.0024	0.0031	0.0017	0.0063	0						19	0.236	0.095	0.242	0.134	0.307
	4-1-1993	24	0.604	0.778	0.296	0.199	1.041	24	0.722	0.513	0.537	0.341	1.242	24	1.221	1.440	0.781	0.395	1.760	24	0.375	0.563	0.172	0.055	0.651	24	1.126	0.070	1.056	1.303	0.733	0.370	1.600	22	0.0039	0.0021	0.0036	0.0021	0.0050	0						24	0.275	0.181	0.225	0.108	0.506
	5-1-1993	29	0.576	0.420	0.454	0.207	1.036	29	0.663	0.312	0.563	0.384	0.929	29	0.910	0.587	0.698	0.473	1.531	29	0.259	0.220	0.212	0.071	0.474	29	0.845	0.090	0.755	0.568	0.615	0.452	1.406	18	0.0050	0.0036	0.0045	0.0018	0.0075	0						29	0.412	0.294	0.355	0.189	0.609
	6-1-1993	24	0.383	0.450	0.235	0.135	0.451	24	0.962	0.674	0.799	0.381	1.512	24	1.015	1.175	0.539	0.431	1.444	24	0.188	0.218	0.110	0.052	0.355	24	0.968	0.059	0.909	1.129	0.498	0.406	1.420	19	0.0033	0.0022	0.0024	0.0020	0.0042	0						24	0.450	0.488	0.297	0.121	0.752
	7-1-1993	19	0.869	0.759	0.500	0.207	1.610	19	1.213	0.565	1.248	0.591	1.643	19	1.722	1.360	1.292	0.478	3.117	19	0.470	0.351	0.283	0.109	0.898	19	1.604	0.051	1.553	1.279	1.222	0.446	2.918	13	0.0028	0.0013	0.0032	0.0016	0.0035	0						19	0.475	0.333	0.458	0.158	0.623
	8-1-1993	18	0.823	0.943	0.353	0.170	1.502	18	0.862	0.569	0.799	0.371	1.313	18	1.206	1.837	0.514	0.298	1.141	18	0.519	0.561	0.215	0.092	1.081	18	1.075	0.056	1.019	1.724	0.473	0.262	0.928	10	0.0031	0.0021	0.0025	0.0018	0.0036	0						18	0.417	0.428	0.283	0.082	0.683
	9-1-1993	23	0.767	0.511	0.781	0.357	1.040	23	0.908	0.455	0.888	0.463	1.348	23	1.020	1.035	0.710	0.430	1.004	23	0.468	0.425	0.301	0.245	0.657	23	0.902	0.087	0.815	0.940	0.602	0.340	0.864	12	0.0048	0.0023	0.0041	0.0024	0.0072	0						23	0.544	0.422	0.355	0.169	0.871
	10-1-1993	14	0.817	0.651	0.524	0.281	1.794	14	0.465	0.233	0.408	0.280	0.708	14	0.640	0.372	0.463	0.316	1.082	14	0.459	0.335	0.354	0.168	0.689	14	0.525	0.057	0.468	0.306	0.373	0.270	0.813	7	0.0031	0.0007	0.0030	0.0027	0.0032	0						14	0.318	0.342	0.159	0.080	0.590
	11-1-1993	11	0.677	0.810	0.454	0.292	0.647	11	0.526	0.347	0.371	0.260	0.819	11	0.756	0.606	0.627	0.268	1.264	11	0.338	0.458	0.240	0.111	0.333	11	0.671	0.054	0.617	0.518	0.542	0.226	1.203	8	0.0030	0.0009	0.0030	0.0020	0.0038	0						11	0.308	0.177	0.241	0.181	0.473
	12-1-1993	10	0.279	0.288	0.220	0.036	0.510	10	0.166	0.139	0.117	0.089	0.195	10	0.361	0.338	0.214	0.199	0.434	10	0.178	0.151	0.116	0.097	0.280	10	0.316	0.043	0.273	0.304	0.180	0.174	0.365	10	0.0024	0.0016	0.0024	0.0009	0.0038	0						9	0.125	0.117	0.071	0.042	0.212
	1-1-1994	13	5.391	3.556	7.669	0.192	7.669	13	0.637	0.338	0.844	0.136	0.844	13	1.941	1.190	2.701	0.181	2.701	13	2.850	1.876	4.051	0.147	4.051	13	1.224	0.081	1.143	0.719	1.682	0.146	1.682	13	0.0045	0.0019	0.0055	0.0024	0.0055	0						13	0.225	0.094	0.281	0.079	0.281
	2-1-1994	16	0.622	0.664	0.419	0.199	0.891	16	0.348	0.279	0.252	0.179	0.449	16	0.485	0.488	0.378	0.157	0.571	16	0.378	0.438	0.270	0.120	0.502	16	0.390	0.040	0.350	0.382	0.295	0.147	0.491	12	0.0022	0.0012	0.0024	0.0012	0.0028	0						16	0.252	0.201	0.145	0.106	0.399
	3-1-1994	22	0.931	0.692	0.692	0.292	1.747	22	0.618	0.497	0.554	0.203	1.027	22	1.284	1.528	0.749	0.367	1.858	22	0.474	0.351	0.324	0.162	0.873	22	1.165	0.074	1.091	1.486	0.587	0.301	1.706	13	0.0041	0.0031	0.0029	0.0020	0.0059	0						22	0.536	0.324	0.523	0.224	0.945
	4-1-1994	17	0.801	0.627	0.369	0.241	1.634	17	0.645	0.385	0.635	0.265	1.054	17	1.110	0.989	0.834	0.471	1.694	17	0.452	0.400	0.274	0.109	0.880	17	0.997	0.067	0.929	0.926	0.720	0.436	1.534	10	0.0037	0.0024	0.0040	0.0008	0.0063	0						17	0.536	0.338	0.422	0.231	0.909
	5-1-1994	26	0.846	0.681	0.621	0.263	1.618	26	1.318	0.885	1.176	0.521	1.749	26	1.789	2.301	0.890	0.590	2.407	26	0.523	0.447	0.351	0.181	0.947	26	1.657	0.156	1.501	2.235	0.804	0.525	2.039	16	0.0086	0.0060	0.0065	0.0044	0.0128	0						26	0.658	0.656	0.489	0.218	0.835
	6-1-1994	15	0.452	0.491	0.220	0.132	0.701	15	0.706	0.452	0.549	0.407	1.043	15	0.877	0.717	0.597	0.473	1.326	15	0.374	0.336	0.218	0.147	0.648	15	0.783	0.061	0.722	0.664	0.540	0.449	1.044	9	0.0034	0.0023	0.0022	0.0020	0.0056	0						15	0.371	0.319	0.233	0.173	0.586
	7-1-1994	25	0.925	0.712	0.954	0.292	1.302	25	1.310	0.664	1.432	0.671	1.846	25	2.124	1.768	2.502	0.477	3.370	25	0.575	0.412	0.575	0.206	0.874	25	1.979	0.071	1.909	1.677	2.357	0.393	3.150	25	0.0039	0.0023	0.0037	0.0019	0.0057	23	59.46	57.24	76.95	2.11	88.84	25	0.529	0.374	0.538	0.178	0.781
	8-1-1994	29	0.542	0.979	0.193	0.102	0.614	29	0.921	0.628	0.762	0.334	1.605	29	1.538	2.233	0.559	0.298	2.402	29	0.420	0.813	0.180	0.118	0.427	29	1.432	0.037	1.396	2.044	0.528	0.271	2.312	27	0.0020	0.0009	0.0020	0.0010	0.0030	0						29	0.421	0.353	0.200	0.116	0.851
	9-1-1994	29	0.501	0.774	0.169	0.102	1.000	29	0.645	0.440	0.480	0.243	1.335	29	0.913	1.105	0.358	0.218	2.343	29	0.310	0.335	0.146	0.108	0.579	29	0.835	0.060	0.776	1.037	0.319	0.186	2.101	28	0.0033	0.0027	0.0025	0.0009	0.0060	0						29	0.257	0.203	0.177	0.100	0.551
	10-1-1994	23	0.372	0.445	0.158	0.101	0.602	23	0.464	0.271	0.336	0.233	0.837	23	0.428	0.314	0.269	0.168	0.661	23	0.212	0.190	0.120	0.074	0.411	23	0.374	0.114	0.260	0.280	0.240	0.154	0.596	22	0.0063	0.0037	0.0052	0.0034	0.0082	0						23	0.197	0.152	0.135	0.054	0.330
	11-1-1994	28	0.393	0.382	0.173	0.108	0.737	28	0.806	0.658	0.502	0.239	1.312	28	0.939	0.943	0.424	0.197	2.138	28	0.333	0.314	0.160	0.116	0.589	28	0.855	0.053	0.803	0.866	0.384	0.166	1.994	28	0.0029	0.0013	0.0028	0.0018	0.0041	0						28	0.243	0.215	0.157	0.058	0.484
	12-1-1994	30	0.484	0.612	0.355	0.140	0.601	30	0.975	0.666	0.869	0.216	1.854	30	0.854	0.780	0.673	0.198	1.537	30	0.323	0.469	0.205	0.108	0.322	30	0.773	0.056	0.717	0.680	0.621	0.170	1.447	29	0.0031	0.0010	0.0030	0.0021	0.0040	1	8.00	#DIV/0!	8.00	8.00	8.00	30	0.281	0.189	0.234	0.081	0.471
	1-1-1995	23	0.288	0.327	0.154	0.121	0.426	23	0.355	0.505	0.236	0.125	0.380	23	0.294	0.246	0.183	0.139	0.505	23	0.184	0.209	0.112	0.090	0.246	23	0.247	0.048	0.200	0.208	0.160	0.115	0.436	23	0.0026	0.0012	0.0025	0.0021	0.0034	23	2.58	5.82	0.38	-0.07	2.05	23	0.101	0.104	0.081	0.045	0.109
	2-1-1995	26	0.319	0.267	0.173	0.132	0.679	26	0.316	0.256	0.217	0.094	0.704	26	0.422	0.442	0.189	0.133	1.087	26	0.219	0.179	0.128	0.099	0.485	26	0.367	0.051	0.316	0.408	0.154	0.098	0.974	26	0.0028	0.0014	0.0031	0.0010	0.0042	26	8.84	15.68	0.87	0.16	19.24	26	0.131	0.103	0.088	0.055	0.239
	3-1-1995	29	2.104	3.196	0.858	0.200	3.613	29	1.057	1.404	0.305	0.207	1.589	29	2.614	4.164	0.431	0.193	4.578	29	1.422	2.255	0.306	0.103	2.716	29	2.256	0.136	2.120	3.610	0.366	0.130	3.924	28	0.0075	0.0082	0.0047	0.0022	0.0097	29	51.25	84.53	5.12	0.44	98.43	29	0.432	0.605	0.264	0.091	0.462
	4-1-1995	26	0.869	1.506	0.399	0.129	1.053	26	1.112	0.851	1.022	0.365	1.684	26	2.856	4.373	1.231	0.462	3.312	26	0.667	1.223	0.306	0.092	0.715	26	2.688	0.192	2.497	4.077	1.158	0.431	3.132	26	0.0106	0.0090	0.0072	0.0042	0.0217	26	39.53	95.81	2.30	1.08	41.89	26	0.540	0.627	0.328	0.178	0.813
	5-1-1995	31	0.236	0.308	0.117	0.089	0.280	31	0.684	0.381	0.544	0.373	1.126	31	0.751	0.565	0.547	0.356	1.431	31	0.177	0.188	0.115	0.044	0.240	31	0.707	0.087	0.620	0.528	0.516	0.324	1.381	31	0.0048	0.0025	0.0038	0.0026	0.0067	31	5.62	11.94	0.89	0.52	5.86	31	0.330	0.281	0.198	0.146	0.638
	6-1-1995	24	0.238	0.184	0.155	0.127	0.508	24	0.834	0.583	0.579	0.362	1.426	24	0.582	0.448	0.427	0.237	1.046	24	0.171	0.112	0.125	0.091	0.331	24	0.539	0.093	0.446	0.426	0.400	0.208	0.966	24	0.0052	0.0028	0.0052	0.0022	0.0088	24	12.10	23.00	1.97	0.82	25.91	23	0.265	0.226	0.135	0.098	0.618
	7-1-1995	27	0.563	0.532	0.304	0.108	1.068	27	1.167	0.580	1.265	0.519	1.686	27	1.478	1.234	1.172	0.233	2.861	27	0.344	0.312	0.243	0.070	0.630	27	1.391	0.077	1.314	1.166	1.087	0.210	2.699	27	0.0043	0.0029	0.0037	0.0016	0.0078	27	32.91	46.78	1.18	0.02	74.67	27	0.495	0.385	0.386	0.151	0.835
	8-1-1995	31	0.610	0.780	0.431	0.185	0.882	31	1.146	0.607	1.117	0.559	1.536	31	1.748	1.278	1.605	0.323	2.761	31	0.372	0.479	0.250	0.127	0.521	31	1.655	0.058	1.597	1.200	1.545	0.300	2.574	31	0.0032	0.0044	0.0017	0.0010	0.0042	31	45.15	43.17	42.17	3.16	92.37	31	0.527	0.406	0.470	0.165	0.803
	9-1-1995	29	0.560	0.693	0.279	0.130	1.026	29	0.876	0.683	0.618	0.375	1.345	29	1.033	1.168	0.481	0.250	2.053	29	0.363	0.450	0.193	0.113	0.635	29	0.941	0.074	0.867	1.092	0.410	0.222	1.864	27	0.0041	0.0027	0.0033	0.0020	0.0051	29	28.81	49.04	3.01	0.17	62.07	29	0.371	0.394	0.193	0.097	0.675
	10-1-1995	30	0.587	0.649	0.310	0.158	1.043	30	0.832	0.511	0.903	0.302	1.287	30	1.540	1.661	0.995	0.228	3.269	30	0.423	0.528	0.217	0.102	0.749	30	1.434	0.071	1.363	1.536	0.952	0.208	3.020	30	0.0039	0.0014	0.0035	0.0026	0.0056	30	40.90	64.83	19.92	0.74	64.27	30	0.406	0.275	0.382	0.118	0.711
	11-1-1995	25	0.542	0.410	0.447	0.220	0.819	25	0.675	0.584	0.390	0.229	1.428	25	0.695	0.693	0.425	0.195	1.230	25	0.361	0.296	0.339	0.116	0.587	25	0.604	0.060	0.544	0.638	0.326	0.168	1.137	22	0.0033	0.0012	0.0032	0.0022	0.0044	25	31.06	55.34	1.99	0.16	68.71	25	0.260	0.189	0.230	0.097	0.383
	12-1-1995	21	0.219	0.223	0.148	0.131	0.272	21	0.255	0.073	0.246	0.184	0.336	21	0.277	0.180	0.202	0.163	0.380	21	0.143	0.139	0.128	0.055	0.162	21	0.241	0.059	0.182	0.170	0.168	0.130	0.346	20	0.0033	0.0012	0.0032	0.0024	0.0043	21	0.18	0.50	0.10	-0.22	0.60	21	0.137	0.104	0.098	0.071	0.198
	1-1-1996	19	0.293	0.438	0.188	0.150	0.230	19	0.398	0.564	0.199	0.098	0.444	19	0.296	0.475	0.130	0.098	0.247	19	0.161	0.265	0.115	0.081	0.131	19	0.255	0.053	0.202	0.414	0.101	0.084	0.219	19	0.0029	0.0022	0.0022	0.0008	0.0059	19	5.01	13.73	1.93	0.26	3.93	19	0.169	0.183	0.105	0.068	0.188
	2-1-1996	28	0.430	0.668	0.188	0.129	0.710	28	0.385	0.367	0.235	0.098	0.806	28	0.370	0.332	0.238	0.098	0.725	28	0.248	0.336	0.100	0.042	0.492	28	0.308	0.066	0.242	0.268	0.221	0.077	0.577	28	0.0036	0.0025	0.0032	0.0010	0.0058	28	14.64	35.06	2.21	0.21	19.09	28	0.178	0.217	0.112	0.071	0.241
	3-1-1996	18	0.397	0.272	0.271	0.204	0.803	18	0.322	0.156	0.304	0.191	0.496	18	0.320	0.185	0.327	0.186	0.375	18	0.204	0.154	0.126	0.080	0.457	18	0.269	0.058	0.211	0.174	0.224	0.158	0.343	18	0.0032	0.0013	0.0031	0.0021	0.0040	18	5.44	9.11	2.34	0.89	6.62	18	0.145	0.073	0.115	0.094	0.189
	4-1-1996	27	0.472	0.468	0.267	0.173	0.654	27	0.542	0.332	0.425	0.283	0.993	27	0.676	0.762	0.413	0.208	0.992	27	0.249	0.370	0.136	0.072	0.253	27	0.614	0.080	0.534	0.676	0.385	0.182	0.957	26	0.0044	0.0022	0.0038	0.0026	0.0072	27	15.47	30.70	2.42	1.33	18.78	27	0.162	0.099	0.151	0.053	0.255
	5-1-1996	23	1.177	1.695	0.704	0.223	1.780	23	0.824	0.580	0.670	0.284	1.457	23	1.612	2.103	0.646	0.294	2.951	23	0.689	1.095	0.346	0.097	1.207	23	1.438	0.106	1.332	1.839	0.610	0.263	2.637	23	0.0059	0.0039	0.0049	0.0028	0.0082	23	131.58	425.89	6.07	1.94	109.11	23	0.327	0.242	0.256	0.097	0.619
	6-1-1996	26	0.316	0.287	0.201	0.154	0.618	26	0.701	0.352	0.597	0.374	1.170	25	0.610	0.545	0.359	0.247	1.083	26	0.171	0.197	0.092	0.056	0.330	25	0.565	0.058	0.507	0.507	0.344	0.228	1.023	26	0.0032	0.0029	0.0023	0.0015	0.0040	26	12.82	23.97	2.65	1.45	14.38	26	0.179	0.157	0.106	0.079	0.280
	7-1-1996	27	0.235	0.373	0.030	-0.017	0.506	27	0.908	0.422	0.873	0.474	1.388	27	0.916	0.935	0.353	0.258	1.786	27	0.182	0.221	0.067	0.018	0.381	27	0.870	0.063	0.807	0.882	0.349	0.254	1.696	25	0.0035	0.0014	0.0030	0.0022	0.0051	27	49.52	69.23	16.02	0.58	116.78	27	0.202	0.224	0.110	0.029	0.400
	8-1-1996	31	0.206	0.293	0.093	0.012	0.479	31	0.814	0.397	0.726	0.431	1.318	31	0.689	0.746	0.356	0.150	1.271	31	0.144	0.183	0.093	0.007	0.334	31	0.653			0.709	0.345	0.135	1.174	0						31	30.54	43.33	7.84	0.70	55.16	31	0.172	0.163	0.117	0.040	0.331
	9-1-1996	28	0.288	0.375	0.186	0.026	0.627	28	0.741	0.377	0.685	0.356	1.174	28	0.532	0.461	0.317	0.161	0.959	28	0.195	0.272	0.079	0.035	0.335	28	0.483			0.418	0.291	0.149	0.858	0						28	14.81	19.61	3.28	0.70	36.51	28	0.156	0.121	0.165	0.039	0.265
	10-1-1996	31	0.587	0.570	0.480	0.080	0.995	31	0.747	0.377	0.712	0.357	1.085	31	1.090	1.123	0.807	0.167	1.959	31	0.336	0.367	0.238	0.025	0.587	31	1.006			1.033	0.753	0.149	1.810	0						31	27.45	31.25	13.51	0.70	51.99	31	0.203	0.137	0.203	0.047	0.340
	11-1-1996	23	0.645	0.570	0.413	0.162	1.114	23	0.921	0.580	0.748	0.346	1.387	23	1.068	0.936	0.953	0.191	1.826	23	0.331	0.324	0.214	0.069	0.613	23	0.985			0.868	0.763	0.175	1.722	0						23	35.10	47.75	13.91	1.87	63.62	23	0.284	0.200	0.257	0.064	0.523
	12-1-1996	15	0.260	0.368	0.147	0.047	0.230	15	0.188	0.119	0.152	0.103	0.227	15	0.158	0.176	0.090	0.050	0.228	15	0.138	0.186	0.091	0.033	0.131	15	0.124			0.138	0.058	0.034	0.201	0						15	4.71	5.76	2.49	1.09	7.16	15	0.042	0.096	0.008	-0.020	0.075
	1-1-1997	12	0.043	0.216	0.021	-0.071	0.047	12	0.178	0.123	0.157	0.087	0.225	12	0.177	0.179	0.130	0.068	0.200	12	-0.014	0.088	-0.041	-0.048	-0.013	12	0.181			0.182	0.142	0.075	0.207	0						12	4.03	10.49	0.94	0.47	2.26	12	0.066	0.083	0.050	0.023	0.061
	2-1-1997	20	0.518	0.503	0.335	0.082	0.918	20	0.816	0.429	0.932	0.266	1.199	20	1.078	1.028	0.745	0.187	1.858	20	0.232	0.362	0.116	-0.044	0.462	20	1.020			0.942	0.708	0.198	1.825	0						20	34.69	32.17	31.87	4.12	56.24	20	0.224	0.150	0.214	0.089	0.341
	3-1-1997	24	0.482	0.337	0.434	0.164	0.759	24	0.782	0.401	0.725	0.395	1.130	24	1.174	0.595	1.187	0.671	1.558	24	0.258	0.201	0.198	0.111	0.444	24	1.109			0.557	1.083	0.627	1.480	0						24	26.73	27.20	13.01	1.93	55.89	24	0.271	0.207	0.200	0.073	0.461
	4-1-1997	28	0.145	0.350	0.016	-0.021	0.415	28	0.577	0.490	0.423	0.280	0.823	28	0.742	0.906	0.417	0.271	1.100	28	0.078	0.213	0.012	-0.016	0.198	28	0.723			0.865	0.406	0.268	1.049	0						28	6.62	18.46	1.40	0.54	7.75	27	0.141	0.343	0.036	0.002	0.130
	5-1-1997	29	0.088	0.155	0.023	-0.019	0.201	29	0.493	0.209	0.465	0.287	0.713	29	0.405	0.284	0.319	0.187	0.656	29	0.048	0.095	0.021	-0.031	0.122	29	0.393			0.267	0.319	0.190	0.624	0						29	3.59	9.13	1.19	0.55	1.96	29	0.060	0.144	0.033	-0.013	0.080
	6-1-1997	20	-0.020	0.057	-0.031	-0.063	0.003	20	0.531	0.292	0.502	0.286	0.788	20	0.360	0.348	0.230	0.195	0.323	20	-0.021	0.053	-0.019	-0.046	0.010	20	0.366			0.353	0.234	0.203	0.328	0						20	0.56	0.37	0.53	0.26	0.89	20	0.049	0.090	0.028	-0.015	0.088
	7-1-1997	27	-0.011	0.114	-0.033	-0.058	0.007	27	0.553	0.370	0.480	0.255	0.820	27	0.401	0.419	0.257	0.148	0.454	27	-0.005	0.069	-0.031	-0.048	0.030	27	0.403			0.406	0.272	0.152	0.452	0						27	9.35	18.12	0.85	0.08	17.29	27	0.092	0.137	0.045	0.011	0.139
	8-1-1997	31	0.066	0.186	-0.005	-0.048	0.181	31	0.710	0.291	0.664	0.449	0.964	31	0.461	0.459	0.266	0.131	0.890	31	0.075	0.117	0.029	-0.002	0.174	31	0.442			0.435	0.267	0.131	0.824	0						31	17.36	21.24	6.06	4.52	36.16	31	0.114	0.143	0.061	0.012	0.258
	9-1-1997	25	0.157	0.194	0.177	-0.041	0.362	25	0.829	0.350	0.758	0.571	1.097	25	1.037	1.269	0.832	0.164	1.403	25	0.114	0.117	0.093	-0.002	0.219	25	1.008			1.244	0.801	0.163	1.327	0						25	40.78	38.22	39.12	3.00	81.81	25	0.212	0.191	0.224	0.029	0.311
	10-1-1997	25	0.059	0.127	0.015	-0.024	0.108	25	0.412	0.271	0.356	0.183	0.716	25	0.265	0.323	0.167	0.105	0.341	25	0.041	0.057	0.031	-0.001	0.068	25	0.255			0.316	0.156	0.092	0.324	0						25	9.57	10.84	5.12	2.99	15.72	25	0.089	0.094	0.070	0.013	0.170
	11-1-1997	29	0.046	0.147	0.007	-0.034	0.154	29	0.381	0.332	0.267	0.154	0.570	29	0.168	0.142	0.134	0.088	0.228	29	0.024	0.075	-0.001	-0.024	0.069	29	0.162			0.133	0.129	0.093	0.219	0						29	7.02	11.27	3.60	1.96	7.12	29	0.019	0.092	-0.011	-0.034	0.043
	12-1-1997	27	0.288	0.842	-0.025	-0.035	0.134	27	0.252	0.162	0.228	0.122	0.355	26	0.197	0.222	0.126	0.070	0.241	27	0.123	0.355	0.000	-0.029	0.081	26	0.165			0.145	0.126	0.061	0.230	0						27	3.24	3.05	2.30	0.93	4.81	27	0.035	0.124	-0.007	-0.024	0.039
