
	BEGIN	END	AVG_CL	AVG_NO3	AVG_SO4	AVG_NA	AVG_SEASALT	AVG_NSSSO4	AVG_MSA	AVG_ASH	AVG_DUST	AVG_NH4
	2-18-1987	2-20-1987	#N/A	#N/A	#N/A	#N/A	#N/A	#N/A	#N/A	#N/A	#N/A	#N/A
	2-20-1987	2-27-1987	0.087	0.007	0.129	0.073	0.095	0.111	0.0225	0.312	0.405	0.0198
	2-28-1987	3-6-1987	0.023	#N/A	0.134	0.027	0.035	0.128	0.0212	0.020	0.026	0.0285
	3-6-1987	3-13-1987	0.025	#N/A	0.029	0.005	0.007	0.028	0.0033	0.134	0.175	#N/A
	3-13-1987	3-20-1987	0.131	0.006	0.141	0.101	0.131	0.116	0.0397	0.081	0.106	0.0364
	3-20-1987	3-27-1987	0.019	0.002	0.089	0.033	0.043	0.081	0.0208	0.086	0.112	0.0154
	3-27-1987	4-3-1987	0.012	#N/A	0.067	0.017	0.022	0.062	0.0131	0.000	0.000	0.0110
	4-3-1987	4-10-1987	0.048	0.004	0.100	0.049	0.064	0.087	0.0218	0.040	0.052	0.0207
	4-10-1987	4-17-1987	0.073	#N/A	0.049	0.042	0.054	0.038	0.0124	0.080	0.104	#N/A
	4-17-1987	4-24-1987	0.017	0.002	0.050	0.016	0.021	0.046	0.0108	0.029	0.038	0.0143
	4-24-1987	5-1-1987	0.124	0.011	0.054	0.092	0.119	0.031	0.0133	0.010	0.013	0.0074
	5-1-1987	5-8-1987	0.022	0.005	0.039	0.010	0.013	0.036	0.0067	0.019	0.024	#N/A
	5-8-1987	5-15-1987	0.077	0.005	0.027	0.051	0.066	0.014	0.0054	0.000	0.000	0.0048
	5-15-1987	5-22-1987	0.055	0.005	0.024	0.038	0.049	0.015	0.0050	0.030	0.038	0.0037
	5-22-1987	5-29-1987	0.023	#N/A	0.024	0.016	0.021	0.020	0.0019	-0.010	-0.013	0.0038
	5-29-1987	6-5-1987	0.039	0.007	0.024	0.029	0.038	0.017	0.0032	0.000	0.000	0.0056
	6-5-1987	6-12-1987	0.082	0.012	0.028	0.053	0.069	0.014	0.0057	0.172	0.223	#N/A
	6-12-1987	6-19-1987	0.157	0.008	0.018	0.100	0.130	-0.007	0.0015	0.010	0.013	0.0022
	6-19-1987	6-26-1987	0.134	0.013	0.026	0.091	0.118	0.004	0.0022	0.010	0.013	0.0025
	6-26-1987	7-3-1987	0.104	0.012	0.026	0.072	0.093	0.008	0.0023	0.030	0.038	0.0024
	7-3-1987	7-10-1987	0.013	0.003	0.004	0.002	0.003	0.003	0.0006	0.091	0.118	#N/A
	7-10-1987	7-17-1987	0.367	0.010	0.039	0.239	0.311	-0.021	0.0014	0.000	0.000	0.0017
	7-17-1987	7-24-1987	0.082	0.016	0.023	0.059	0.077	0.008	0.0014	0.029	0.038	0.0034
	7-24-1987	7-31-1987	0.108	0.030	0.027	0.080	0.103	0.007	0.0010	0.000	0.000	0.0032
	7-31-1987	8-7-1987	0.057	0.022	0.019	0.045	0.059	0.007	0.0010	0.010	0.012	0.0031
	8-7-1987	8-14-1987	0.211	0.040	0.037	0.142	0.185	0.002	0.0014	0.048	0.063	#N/A
	8-14-1987	8-21-1987	0.074	0.036	0.032	0.059	0.076	0.017	0.0023	0.058	0.076	0.0032
	8-21-1987	8-28-1987	0.156	0.051	0.048	0.121	0.158	0.017	0.0028	-0.010	-0.014	0.0043
	8-28-1987	9-4-1987	0.175	0.034	0.039	0.130	0.170	0.006	0.0045	0.020	0.026	0.0028
	9-4-1987	9-11-1987	0.125	0.026	0.036	0.092	0.119	0.013	0.0040	-0.020	-0.026	0.0034
	9-11-1987	9-18-1987	0.103	0.030	0.035	0.076	0.099	0.016	0.0056	-0.010	-0.013	0.0040
	9-18-1987	9-25-1987	0.039	0.028	0.045	0.043	0.056	0.034	0.0071	-0.010	-0.013	0.0085
	9-25-1987	10-2-1987	0.308	0.034	0.051	0.211	0.275	-0.002	0.0098	-0.020	-0.026	0.0048
	10-2-1987	10-9-1987	0.065	0.025	0.057	0.060	0.078	0.042	0.0113	0.019	0.025	0.0095
	10-9-1987	10-16-1987	0.203	0.060	0.089	0.149	0.193	0.052	0.0123	0.129	0.168	#N/A
	10-16-1987	10-23-1987	0.085	0.042	0.077	0.080	0.104	0.057	0.0129	0.000	0.000	0.0139
	10-23-1987	10-30-1987	0.042	0.024	0.066	0.044	0.057	0.055	0.0108	-0.010	-0.013	0.0148
	10-30-1987	11-6-1987	0.070	0.054	0.118	0.087	0.113	0.096	0.0193	0.010	0.013	0.0247
	11-6-1987	11-13-1987	0.027	0.051	0.118	0.057	0.074	0.104	0.0193	0.000	0.000	0.0281
	11-13-1987	11-20-1987	0.027	0.067	0.168	0.062	0.081	0.152	0.0226	0.000	0.000	#N/A
	11-20-1987	11-27-1987	0.157	0.047	0.158	0.144	0.187	0.122	0.0190	0.010	0.013	0.0277
	11-27-1987	12-4-1987	0.079	0.039	0.162	0.093	0.121	0.138	0.0237	0.000	0.000	0.0339
	12-4-1987	12-11-1987	0.024	0.041	0.156	0.048	0.062	0.144	0.0200	0.010	0.013	0.0417
	12-11-1987	12-18-1987	0.005	0.025	0.158	0.026	0.034	0.152	0.0177	0.030	0.039	0.0481
	12-18-1987	12-25-1987	0.017	0.024	0.234	0.050	0.065	0.221	0.0635	0.081	0.105	0.0672
	12-25-1987	1-1-1988	0.029	0.020	0.237	0.053	0.070	0.224	0.0386	0.000	0.000	0.0695
	1-1-1988	1-8-1988	0.002	0.021	0.251	-0.021	-0.028	0.257	0.0589	-0.065	-0.085	0.0879
	1-8-1988	1-15-1988	0.207	0.029	0.373	0.149	0.193	0.335	0.1343	0.462	0.601	0.0762
	1-15-1988	1-22-1988	0.067	0.026	0.291	0.068	0.088	0.274	0.0948	0.042	0.055	0.0495
	1-22-1988	1-29-1988	0.043	0.023	0.200	0.041	0.053	0.190	0.0401	0.013	0.017	0.0300
	1-29-1988	2-5-1988	0.046	0.027	0.235	0.039	0.051	0.225	0.0403	0.090	0.117	0.0235
	2-5-1988	2-13-1988	0.063	0.031	0.231	0.055	0.072	0.217	0.0496	-0.030	-0.039	0.0316
	2-13-1988	2-19-1988	0.060	0.030	0.206	0.050	0.065	0.194	0.0450	0.069	0.090	0.0302
	2-19-1988	2-26-1988	0.092	0.028	0.195	0.077	0.100	0.176	0.0446	0.300	0.390	0.0226
	2-26-1988	3-4-1988	0.022	0.016	0.130	-0.008	-0.010	0.132	0.0317	-0.117	-0.152	0.0151
	3-4-1988	3-11-1988	0.083	0.018	0.192	0.062	0.080	0.176	0.0722	0.023	0.030	0.0185
	3-11-1988	3-18-1988	0.129	0.015	0.162	0.081	0.105	0.142	0.0598	0.082	0.107	0.0252
	3-18-1988	3-25-1988	0.070	0.016	0.139	0.043	0.056	0.128	0.0479	0.174	0.226	0.0190
	3-25-1988	4-1-1988	0.054	0.006	0.081	0.030	0.039	0.073	0.0302	-0.025	-0.032	0.0107
	4-1-1988	4-8-1988	0.021	0.005	0.066	0.010	0.013	0.064	0.0260	-0.024	-0.031	0.0083
	4-8-1988	4-15-1988	0.057	0.014	0.068	0.039	0.051	0.058	0.0226	0.095	0.124	0.0115
	4-15-1988	4-21-1988	0.246	0.021	0.092	0.148	0.193	0.055	0.0258	0.080	0.104	0.0131
	4-21-1988	4-29-1988	0.163	0.012	0.052	0.100	0.129	0.027	0.0124	0.079	0.103	0.0033
	4-29-1988	5-6-1988	0.105	0.011	0.058	0.072	0.094	0.040	0.0111	0.105	0.136	0.0070
	5-6-1988	5-13-1988	0.127	0.011	0.051	0.077	0.100	0.032	0.0082	0.032	0.041	0.0056
	5-13-1988	5-20-1988	0.114	0.008	0.043	0.063	0.082	0.027	0.0053	0.106	0.138	0.0037
	5-20-1988	5-27-1988	0.058	0.008	0.038	0.030	0.039	0.030	0.0044	0.143	0.186	0.0037
	5-27-1988	6-3-1988	0.069	0.010	0.050	0.036	0.047	0.041	0.0045	0.126	0.164	0.0076
	6-3-1988	6-10-1988	0.539	0.013	0.081	0.330	0.430	-0.002	0.0042	0.067	0.087	0.0024
	6-10-1988	6-17-1988	0.209	0.015	0.034	0.123	0.160	0.003	0.0028	0.088	0.115	0.0022
	6-17-1988	6-24-1988	0.031	0.015	0.032	0.017	0.022	0.028	0.0028	0.013	0.016	0.0044
	6-24-1988	7-1-1988	0.325	0.013	0.054	0.191	0.249	0.006	0.0019	0.106	0.138	0.0022
	7-1-1988	7-9-1988	0.043	0.011	0.055	0.027	0.035	0.048	0.0030	0.101	0.131	0.0076
	7-9-1988	7-15-1988	0.117	0.015	0.048	0.074	0.096	0.030	0.0027	0.102	0.133	0.0051
	7-15-1988	7-22-1988	0.378	0.012	0.029	0.214	0.278	-0.025	0.0017	0.032	0.041	0.0016
	7-22-1988	7-29-1988	0.488	0.025	0.058	0.296	0.385	-0.017	0.0012	0.117	0.152	0.0018
	7-29-1988	8-5-1988	0.195	0.037	0.054	0.108	0.140	0.027	0.0020	0.004	0.005	0.0043
	8-5-1988	8-12-1988	0.174	0.041	0.057	0.112	0.146	0.029	0.0031	0.077	0.101	0.0051
	8-12-1988	8-19-1988	0.379	0.034	0.054	0.234	0.304	-0.005	0.0030	-0.006	-0.007	0.0026
	8-19-1988	8-26-1988	0.114	0.035	0.064	0.088	0.114	0.042	0.0052	0.070	0.091	0.0065
	8-26-1988	9-2-1988	0.068	0.018	0.044	0.047	0.061	0.032	0.0049	-0.024	-0.031	0.0065
	9-2-1988	9-9-1988	0.341	0.024	0.069	0.219	0.285	0.014	0.0053	0.059	0.077	0.0039
	9-9-1988	9-16-1988	0.432	0.034	0.094	0.283	0.368	0.023	0.0075	0.180	0.234	0.0045
	9-16-1988	9-23-1988	0.238	0.026	0.063	0.152	0.197	0.024	0.0071	0.013	0.017	0.0053
	9-23-1988	9-30-1988	0.080	0.024	0.063	0.061	0.079	0.048	0.0002	0.022	0.029	0.0095
	9-30-1988	10-7-1988	0.131	0.023	0.075	0.099	0.129	0.050	0.0110	-0.053	-0.069	0.0090
	10-7-1988	10-14-1988	0.131	0.019	0.090	0.094	0.122	0.066	0.0150	0.060	0.078	0.0096
	10-14-1988	10-21-1988	0.061	0.031	0.105	0.054	0.071	0.091	0.0215	0.014	0.019	0.0205
	10-21-1988	10-28-1988	0.043	0.025	0.112	0.048	0.062	0.100	0.0180	-0.025	-0.032	0.0170
	10-28-1988	11-4-1988	0.073	0.029	0.114	0.058	0.076	0.099	0.0209	0.044	0.057	0.0199
	11-4-1988	11-11-1988	0.137	0.036	0.123	0.098	0.127	0.098	0.0210	0.069	0.090	0.0161
	11-11-1988	11-18-1988	0.058	0.071	0.163	0.070	0.091	0.145	0.0280	0.052	0.067	0.0357
	11-18-1988	11-25-1988	0.077	0.063	0.198	0.086	0.112	0.176	0.0375	0.070	0.091	0.0286
	11-25-1988	12-2-1988	0.221	0.036	0.212	0.167	0.217	0.169	0.0331	-0.015	-0.020	0.0375
	12-2-1988	12-9-1988	0.051	0.052	0.203	0.055	0.072	0.189	0.0184	0.083	0.108	0.0505
	12-9-1988	12-16-1988	0.037	0.040	0.195	0.038	0.050	0.185	0.0176	0.090	0.117	0.0487
	12-16-1988	12-23-1988	0.040	0.055	0.260	0.049	0.064	0.248	0.0319	0.032	0.042	0.0805
	12-23-1988	12-30-1988	0.064	0.073	0.318	0.076	0.098	0.299	0.0350	0.042	0.055	0.0809
	12-30-1988	1-6-1989	0.062	0.062	0.263	0.082	0.106	0.242	0.0299	0.155	0.202	0.0374
	1-6-1989	1-13-1989	0.080	0.031	0.296	0.101	0.132	0.271	0.0657	0.201	0.262	0.0798
	1-13-1989	1-20-1989	0.039	0.044	0.228	0.065	0.084	0.212	0.0317	0.108	0.141	0.0336
	1-20-1989	1-27-1989	0.100	0.060	0.274	0.116	0.151	0.245	0.0389	0.175	0.228	0.0545
	1-27-1989	2-3-1989	0.126	0.064	0.285	0.133	0.173	0.252	0.0359	0.102	0.133	0.0572
	2-3-1989	2-10-1989	0.110	0.054	0.273	0.132	0.172	0.240	0.0371	0.205	0.266	0.0556
	2-10-1989	2-18-1989	0.168	0.046	0.236	0.129	0.168	0.203	0.0227	0.522	0.679	0.0362
	2-18-1989	2-24-1989	0.080	0.028	0.247	0.089	0.116	0.225	0.0443	0.108	0.141	0.0625
	2-24-1989	3-3-1989	0.144	0.020	0.223	0.117	0.152	0.193	0.0474	0.015	0.020	0.0188
	3-3-1989	3-10-1989	0.074	0.017	0.180	0.037	0.048	0.170	0.0420	-0.032	-0.042	0.0323
	3-10-1989	3-17-1989	0.059	0.021	0.130	0.030	0.039	0.122	0.0491	0.006	0.007	0.0108
	3-17-1989	3-26-1989	0.055	0.011	0.098	0.024	0.032	0.091	0.0340	0.065	0.084	0.0092
	3-26-1989	3-31-1989	0.420	0.018	0.151	0.189	0.245	0.103	0.0337	0.086	0.112	0.0130
	3-31-1989	4-8-1989	0.032	0.014	0.082	0.016	0.021	0.078	0.0309	0.005	0.006	0.0099
	4-8-1989	4-14-1989	0.017	0.008	0.035	0.002	0.003	0.035	0.0156	0.027	0.035	0.0068
	4-14-1989	4-21-1989	0.034	0.009	0.060	0.007	0.009	0.059	0.0210	0.043	0.056	0.0111
	4-21-1989	4-28-1989	0.044	0.009	0.048	0.013	0.017	0.045	0.0140	0.006	0.007	0.0090
	4-28-1989	5-6-1989	0.210	0.011	0.067	0.091	0.118	0.045	0.0128	0.170	0.221	0.0075
	5-6-1989	5-12-1989	0.208	0.009	0.049	0.106	0.137	0.023	0.0076	0.111	0.144	0.0034
	5-12-1989	5-19-1989	0.190	0.013	0.030	0.074	0.096	0.011	0.0043	0.024	0.031	0.0034
	5-19-1989	5-21-1989	#N/A	#N/A	#N/A	#N/A	#N/A	#N/A	#N/A	#N/A	#N/A	#N/A
	5-21-1989	5-26-1989	1.286	0.010	0.064	0.528	0.687	-0.069	0.0036	0.035	0.045	0.0018
	5-26-1989	6-4-1989	0.205	0.014	0.029	0.086	0.112	0.008	0.0028	0.011	0.014	0.0023
	6-4-1989	6-12-1989	0.118	0.012	0.023	0.046	0.060	0.011	0.0018	0.013	0.017	0.0021
	6-12-1989	6-19-1989	0.078	0.010	0.017	0.035	0.045	0.008	0.0016	0.015	0.019	0.0023
	6-19-1989	6-26-1989	0.228	0.013	0.038	0.106	0.138	0.011	0.0020	0.122	0.159	0.0025
	6-26-1989	7-3-1989	0.063	0.013	0.029	0.022	0.028	0.023	0.0027	-0.013	-0.017	0.0049
	7-3-1989	7-10-1989	0.048	0.016	0.026	0.023	0.029	0.020	0.0029	0.015	0.019	0.0055
	7-10-1989	7-17-1989	0.059	0.021	0.025	0.020	0.026	0.020	0.0016	0.005	0.007	0.0030
	7-17-1989	7-24-1989	0.187	0.021	0.030	0.090	0.118	0.007	0.0022	0.080	0.104	0.0020
	7-24-1989	7-31-1989	0.104	0.026	0.027	0.053	0.069	0.014	0.0019	0.061	0.079	0.0029
	7-31-1989	8-7-1989	0.573	0.035	0.066	0.255	0.332	0.001	0.0026	0.052	0.068	0.0021
	8-7-1989	8-14-1989	0.202	0.037	0.045	0.096	0.124	0.021	0.0032	-0.022	-0.029	0.0027
	8-14-1989	8-21-1989	0.307	0.033	0.067	0.155	0.202	0.028	0.0037	0.115	0.150	0.0030
	8-21-1989	8-28-1989	0.143	0.029	0.051	0.067	0.087	0.034	0.0039	0.005	0.007	0.0048
	8-28-1989	9-4-1989	0.201	0.023	0.061	0.091	0.118	0.038	0.0043	-0.022	-0.029	0.0050
	9-4-1989	9-11-1989	0.030	0.023	0.047	0.010	0.014	0.044	0.0062	0.080	0.103	0.0077
	9-11-1989	9-18-1989	0.307	0.024	0.061	0.125	0.163	0.030	0.0070	-0.077	-0.101	0.0060
	9-18-1989	9-25-1989	0.154	0.046	0.058	-0.054	-0.070	0.071	0.0092	0.024	0.032	0.0057
	9-25-1989	10-2-1989	0.425	0.029	0.093	0.202	0.263	0.042	0.0090	-0.013	-0.017	0.0065
	10-2-1989	10-9-1989	0.200	0.025	0.077	0.099	0.128	0.052	0.0140	-0.004	-0.005	0.0056
	10-9-1989	10-16-1989	0.128	0.041	0.086	0.064	0.083	0.070	0.0169	0.006	0.007	0.0105
	10-16-1989	10-23-1989	0.103	0.044	0.106	0.062	0.081	0.091	0.0185	-0.041	-0.053	0.0150
	10-23-1989	10-30-1989	0.209	0.049	0.123	0.104	0.135	0.097	0.0160	0.268	0.348	0.0195
	10-30-1989	11-6-1989	0.199	0.058	0.090	0.176	0.229	0.045	0.0161	0.127	0.165	0.0118
	11-6-1989	11-13-1989	0.108	0.065	0.123	0.127	0.165	0.091	0.0203	0.033	0.043	0.0100
	11-13-1989	11-20-1989	0.047	0.073	0.120	0.077	0.100	0.101	0.0180	0.052	0.068	0.0147
	11-20-1989	11-27-1989	0.044	0.046	0.181	0.077	0.101	0.161	0.0192	-0.051	-0.066	0.0360
	11-27-1989	12-4-1989	0.108	0.090	0.182	0.132	0.172	0.149	0.0241	0.024	0.032	0.0134
	12-4-1989	12-11-1989	0.116	0.030	0.166	0.112	0.146	0.138	0.0397	-0.023	-0.030	0.0234
	12-11-1989	12-18-1989	0.090	0.026	0.202	0.087	0.114	0.180	0.0544	0.006	0.007	0.0513
	12-18-1989	12-25-1989	0.335	0.022	0.311	0.277	0.360	0.241	0.1215	-0.013	-0.017	0.0745
	12-25-1989	1-1-1990	0.417	0.047	0.469	0.340	0.442	0.383	0.1716	0.025	0.032	0.0967
	1-1-1990	1-8-1990	0.074	0.028	0.278	0.055	0.072	0.264	0.0356	-0.014	-0.018	0.0766
	1-8-1990	1-15-1990	0.073	0.039	0.333	0.075	0.097	0.315	0.0762	-0.004	-0.005	0.0414
	1-15-1990	1-22-1990	0.054	0.018	0.274	-0.018	-0.024	0.278	0.1013	-0.072	-0.094	0.0322
	1-22-1990	1-29-1990	0.126	0.028	0.184	0.000	0.000	0.185	0.0458	-0.004	-0.005	0.0248
	1-29-1990	2-5-1990	0.063	0.018	0.221	-0.027	-0.035	0.227	0.0738	-0.060	-0.078	0.0330
	2-5-1990	2-12-1990	0.084	0.023	0.261	-0.010	-0.013	0.263	0.0983	-0.098	-0.127	0.0230
	2-12-1990	2-19-1990	0.076	0.021	0.219	-0.014	-0.018	0.222	0.0638	-0.096	-0.125	0.0208
	2-19-1990	2-26-1990	0.050	0.028	0.172	-0.028	-0.037	0.179	0.0600	0.108	0.140	0.0104
	2-26-1990	3-5-1990	0.171	0.020	0.104	0.048	0.062	0.092	0.0443	-0.133	-0.173	0.0085
	3-5-1990	3-12-1990	0.054	0.007	0.115	-0.060	-0.078	0.130	0.0605	-0.023	-0.030	0.0108
	3-12-1990	3-19-1990	0.064	0.020	0.163	0.054	0.071	0.149	0.0608	-0.032	-0.041	0.0075
	3-19-1990	3-26-1990	0.105	0.020	0.133	0.091	0.118	0.111	0.0479	0.083	0.108	0.0079
	3-26-1990	4-2-1990	0.170	0.010	0.094	0.123	0.160	0.063	0.0287	0.061	0.080	0.0089
	4-2-1990	4-9-1990	0.114	0.021	0.097	0.094	0.123	0.074	0.0292	0.063	0.082	0.0092
	4-9-1990	4-16-1990	0.061	0.017	0.073	0.053	0.069	0.060	0.0223	0.081	0.105	0.0051
	4-16-1990	4-23-1990	0.061	0.011	0.063	0.040	0.052	0.053	0.0157	-0.013	-0.017	0.0046
	4-23-1990	4-30-1990	0.137	0.014	0.055	0.094	0.123	0.031	0.0114	0.006	0.007	0.0049
	4-30-1990	5-7-1990	0.021	0.006	0.049	-0.004	-0.006	0.050	0.0079	-0.004	-0.005	0.0055
	5-7-1990	5-14-1990	0.050	0.007	0.059	0.026	0.034	0.053	0.0063	0.015	0.019	0.0063
	5-14-1990	5-21-1990	0.098	0.006	0.026	0.062	0.080	0.010	0.0038	0.024	0.032	0.0029
	5-21-1990	5-28-1990	0.052	0.010	0.032	0.039	0.050	0.022	0.0042	0.024	0.031	0.0039
	5-28-1990	6-4-1990	0.116	0.011	0.030	0.063	0.082	0.014	0.0035	-0.032	-0.041	0.0062
	6-4-1990	6-11-1990	0.335	0.006	0.036	0.226	0.293	-0.021	0.0026	0.042	0.055	0.0024
	6-11-1990	6-18-1990	0.200	0.005	0.027	0.129	0.168	-0.005	0.0023	0.119	0.154	0.0019
	6-18-1990	6-25-1990	0.343	0.010	0.049	0.241	0.313	-0.012	0.0143	0.015	0.019	0.0032
	6-25-1990	7-2-1990	0.107	0.015	0.048	0.067	0.087	0.032	0.0031	0.033	0.043	0.0041
	7-2-1990	7-9-1990	0.377	0.030	0.046	0.229	0.298	-0.011	0.0023	-0.023	-0.029	0.0061
	7-9-1990	7-16-1990	0.045	0.042	0.042	0.030	0.040	0.035	0.0028	-0.004	-0.005	0.0045
	7-16-1990	7-23-1990	0.052	0.027	0.029	0.020	0.026	0.024	0.0014	-0.060	-0.078	0.0050
	7-23-1990	7-30-1990	0.014	0.013	0.028	-0.004	-0.005	0.029	0.0028	0.060	0.078	0.0048
	7-30-1990	8-6-1990	0.346	0.017	0.065	0.220	0.286	0.010	0.0017	0.052	0.068	0.0051
	8-6-1990	8-13-1990	0.877	0.053	0.087	0.589	0.766	-0.061	0.0068	0.070	0.091	0.0025
	8-13-1990	8-20-1990	0.530	0.033	0.063	0.395	0.513	-0.036	0.0006	0.141	0.183	0.0020
	8-20-1990	8-27-1990	0.318	0.026	0.045	0.207	0.270	-0.007	0.0022	0.072	0.094	0.0030
	8-27-1990	9-3-1990	0.134	0.043	0.046	0.115	0.149	0.017	0.0057	0.043	0.056	0.0030
	9-3-1990	9-10-1990	0.267	0.042	0.053	0.186	0.242	0.006	0.0053	0.006	0.007	0.0051
	9-10-1990	9-17-1990	1.041	0.029	0.091	0.688	0.895	-0.082	0.0039	0.138	0.180	0.0022
	9-17-1990	9-24-1990	0.474	0.037	0.084	0.336	0.437	-0.001	0.0084	-0.023	-0.029	0.0042
	9-24-1990	10-1-1990	0.200	0.033	0.089	0.168	0.218	0.047	0.0138	0.090	0.117	0.0060
	10-1-1990	10-8-1990	0.098	0.029	0.074	0.082	0.106	0.054	0.0110	-0.022	-0.029	0.0085
	10-8-1990	10-15-1990	0.281	0.030	0.115	0.212	0.276	0.062	0.0134	-0.042	-0.054	0.0181
	10-15-1990	10-22-1990	0.051	0.032	0.096	0.066	0.086	0.079	0.0114	0.089	0.116	0.0104
	10-22-1990	10-29-1990	0.196	0.049	0.106	0.147	0.191	0.069	0.0133	-0.061	-0.079	0.0152
	10-29-1990	11-5-1990	0.336	0.090	0.144	0.293	0.381	0.070	0.0167	-0.032	-0.042	0.0108
	11-5-1990	11-12-1990	0.077	0.065	0.121	0.071	0.092	0.104	0.0120	-0.032	-0.042	0.0256
	11-12-1990	11-19-1990	0.191	0.064	0.177	0.176	0.229	0.133	0.0321	0.072	0.094	0.0142
	11-19-1990	11-26-1990	0.063	0.055	0.153	0.069	0.090	0.136	0.0214	-0.013	-0.018	0.0332
	11-26-1990	12-3-1990	0.112	0.066	0.187	0.105	0.137	0.160	0.0185	-0.004	-0.005	0.0448
	12-3-1990	12-10-1990	0.288	0.054	0.281	0.259	0.337	0.216	0.0537	-0.023	-0.029	0.0500
	12-10-1990	12-17-1990	0.533	0.042	0.363	0.445	0.579	0.251	0.1187	0.026	0.034	0.0466
	12-17-1990	12-24-1990	0.068	0.038	0.280	0.074	0.096	0.262	0.0459	0.188	0.245	0.0758
	12-24-1990	12-31-1990	0.113	0.046	0.318	0.147	0.192	0.281	0.0597	0.073	0.095	0.0601
	12-31-1990	1-7-1991	0.116	0.038	0.248	0.123	0.160	0.217	0.0574	0.025	0.033	0.0451
	1-7-1991	1-14-1991	0.092	0.030	0.265	0.094	0.122	0.241	0.0463	-0.033	-0.043	0.0754
	1-14-1991	1-21-1991	0.066	0.068	0.364	0.117	0.153	0.334	0.0667	-0.024	-0.031	0.0515
	1-21-1991	1-28-1991	0.057	0.025	0.252	0.055	0.071	0.238	0.0569	-0.158	-0.205	0.0305
	1-28-1991	2-4-1991	0.051	0.023	0.196	0.046	0.060	0.184	0.0373	-0.101	-0.131	0.0200
	2-4-1991	2-11-1991	0.172	0.027	0.231	0.127	0.166	0.199	0.0356	0.025	0.032	0.0136
	2-11-1991	2-18-1991	0.073	0.018	0.205	0.064	0.084	0.189	0.0405	-0.128	-0.166	0.0142
	2-18-1991	2-25-1991	0.054	0.018	0.175	0.050	0.065	0.162	0.0488	-0.051	-0.067	0.0115
	2-25-1991	3-4-1991	0.089	0.018	0.215	0.070	0.091	0.198	0.0616	-0.072	-0.093	0.0202
	3-4-1991	3-11-1991	0.063	0.018	0.158	0.027	0.034	0.151	0.0354	-0.061	-0.080	0.0047
	3-11-1991	3-18-1991	0.142	0.027	0.207	0.085	0.110	0.186	0.0376	0.081	0.105	0.0092
	3-18-1991	3-25-1991	0.114	0.017	0.112	0.067	0.087	0.095	0.0328	0.005	0.007	0.0063
	3-25-1991	4-1-1991	0.045	0.013	0.093	0.038	0.049	0.083	0.0293	-0.102	-0.133	0.0134
	4-1-1991	4-8-1991	0.032	0.010	0.084	0.012	0.015	0.081	0.0314	-0.160	-0.208	0.0026
	4-8-1991	4-15-1991	0.109	0.009	0.054	0.061	0.079	0.039	0.0179	-0.042	-0.055	0.0027
	4-15-1991	4-22-1991	0.119	0.016	0.065	0.072	0.094	0.047	0.0186	0.110	0.143	0.0048
	4-22-1991	4-29-1991	0.050	0.008	0.044	0.028	0.036	0.037	0.0129	-0.042	-0.054	0.0025
	4-29-1991	5-6-1991	0.041	0.006	0.035	0.021	0.027	0.030	0.0096	0.005	0.007	0.0026
	5-6-1991	5-13-1991	0.091	0.013	0.055	0.061	0.080	0.040	0.0102	0.024	0.031	0.0036
	5-13-1991	5-20-1991	0.590	0.019	0.070	0.354	0.460	-0.019	0.0076	0.052	0.068	0.0016
	5-20-1991	5-27-1991	0.188	0.018	0.043	0.118	0.154	0.013	0.0060	0.052	0.068	0.0014
	5-27-1991	6-3-1991	0.104	0.014	0.037	0.068	0.088	0.020	0.0043	0.032	0.042	0.0024
	6-3-1991	6-10-1991	0.039	0.016	0.034	0.013	0.016	0.031	0.0048	-0.060	-0.078	0.0043
	6-10-1991	6-17-1991	0.045	0.010	0.019	0.014	0.019	0.015	0.0028	-0.118	-0.153	0.0010
	6-17-1991	6-24-1991	0.046	0.007	0.024	0.021	0.028	0.018	0.0027	-0.041	-0.053	0.0011
	6-24-1991	7-1-1991	0.055	0.012	0.031	0.028	0.037	0.024	0.0038	-0.078	-0.102	0.0018
	7-1-1991	7-8-1991	0.037	0.014	0.030	0.015	0.019	0.026	0.0034	-0.051	-0.066	0.0023
	7-8-1991	7-15-1991	0.073	0.013	0.032	0.040	0.052	0.021	0.0023	0.042	0.055	0.0019
	7-15-1991	7-22-1991	0.262	0.012	0.038	0.152	0.197	0.000	0.0026	-0.041	-0.054	0.0012
	7-22-1991	7-29-1991	0.482	0.022	0.076	0.308	0.400	-0.001	#N/A	-0.031	-0.041	0.0017
	7-29-1991	8-5-1991	0.299	0.026	0.102	0.189	0.246	0.054	0.0041	0.015	0.019	0.0062
	8-5-1991	8-12-1991	0.046	0.017	0.071	0.021	0.027	0.066	0.0028	-0.104	-0.135	0.0065
	8-12-1991	8-19-1991	0.191	0.021	0.051	0.098	0.127	0.026	0.0037	0.005	0.007	0.0026
	8-19-1991	8-26-1991	0.136	0.021	0.050	0.080	0.104	0.030	0.0044	-0.059	-0.077	0.0013
	8-26-1991	9-2-1991	0.257	0.028	0.087	0.158	0.205	0.048	0.0050	0.163	0.212	0.0099
	9-2-1991	9-9-1991	0.154	0.026	0.100	0.096	0.125	0.076	0.0052	0.303	0.394	0.0020
	9-9-1991	9-16-1991	0.508	0.039	0.110	0.302	0.392	0.034	0.0062	0.043	0.055	0.0044
	9-16-1991	9-23-1991	0.167	0.039	0.131	0.122	0.158	0.100	0.0090	0.098	0.128	0.0044
	9-23-1991	9-30-1991	0.129	0.029	0.134	0.083	0.108	0.113	0.0108	-0.060	-0.078	0.0036
	9-30-1991	10-7-1991	0.068	0.022	0.149	0.053	0.069	0.136	0.0123	-0.023	-0.030	0.0039
	10-7-1991	10-16-1991	0.073	0.029	0.135	0.056	0.073	0.121	0.0145	0.048	0.063	0.0036
	10-16-1991	10-21-1991	0.106	0.031	0.198	0.074	0.096	0.179	0.0171	2.303	2.994	0.0044
	10-21-1991	10-28-1991	0.064	0.037	0.179	0.056	0.073	0.164	0.0149	0.566	0.736	0.0061
	10-28-1991	11-4-1991	0.040	0.040	0.217	0.044	0.057	0.206	0.0163	0.201	0.261	0.0172
	11-4-1991	11-11-1991	0.054	0.051	0.250	0.053	0.069	0.237	0.0285	0.240	0.313	0.0286
	11-11-1991	11-18-1991	0.054	0.042	0.259	0.059	0.077	0.244	0.0300	0.559	0.727	0.0155
	11-18-1991	11-25-1991	0.104	0.066	0.394	0.100	0.130	0.369	0.0208	0.918	1.193	0.0549
	11-25-1991	12-2-1991	0.161	0.038	0.439	0.146	0.190	0.403	0.0489	0.789	1.026	0.0875
	12-2-1991	12-9-1991	0.053	0.056	0.486	0.080	0.104	0.466	0.0307	0.540	0.701	0.0404
	12-9-1991	12-16-1991	0.107	0.043	0.447	0.100	0.130	0.422	0.0313	0.913	1.187	0.0964
	12-16-1991	12-23-1991	0.064	0.040	0.455	0.060	0.078	0.439	0.0409	0.545	0.709	0.0856
	12-23-1991	12-30-1991	0.032	0.041	0.518	0.046	0.060	0.506	0.0215	0.373	0.485	0.0760
	12-30-1991	1-6-1992	0.078	0.049	0.522	0.092	0.119	0.499	0.0534	0.795	1.034	0.0345
	1-6-1992	1-13-1992	0.043	0.031	0.537	0.038	0.049	0.527	0.0439	1.211	1.574	0.0998
	1-13-1992	1-20-1992	0.054	0.028	0.558	0.057	0.074	0.544	0.0322	0.549	0.713	0.0729
	1-20-1992	1-27-1992	0.043	0.023	0.639	0.053	0.068	0.626	0.0389	0.486	0.632	0.0142
	1-27-1992	2-3-1992	0.041	0.031	0.567	0.038	0.050	0.557	0.0563	0.527	0.685	0.0109
	2-3-1992	2-10-1992	0.094	0.018	0.407	0.068	0.089	0.390	0.0337	0.798	1.037	0.0357
	2-10-1992	2-17-1992	0.099	0.022	0.318	0.081	0.105	0.298	0.0542	0.149	0.194	0.0154
	2-17-1992	2-24-1992	0.055	0.027	0.398	0.074	0.096	0.379	0.1151	#N/A	#N/A	0.0081
	2-24-1992	3-2-1992	0.069	0.020	0.240	0.068	0.088	0.223	0.0478	#N/A	#N/A	0.0060
	3-2-1992	3-9-1992	0.106	0.020	0.258	0.113	0.147	0.229	0.0886	#N/A	#N/A	0.0056
	3-9-1992	3-16-1992	0.065	0.015	0.232	0.073	0.094	0.214	0.0955	#N/A	#N/A	0.0056
	3-16-1992	3-23-1992	0.019	0.001	0.153	0.039	0.051	0.143	0.0285	#N/A	#N/A	0.0055
	3-23-1992	3-30-1992	0.006	#N/A	0.141	0.022	0.029	0.136	0.0203	#N/A	#N/A	0.0038
	3-30-1992	4-6-1992	0.204	0.010	0.124	0.153	0.199	0.085	0.0387	#N/A	#N/A	0.0080
	4-6-1992	4-13-1992	0.035	0.005	0.113	0.042	0.054	0.102	0.0220	#N/A	#N/A	0.0092
	4-13-1992	4-20-1992	0.036	0.011	0.077	0.032	0.042	0.069	0.0140	#N/A	#N/A	0.0068
	4-20-1992	4-27-1992	0.569	0.031	0.084	0.378	0.492	-0.012	0.0137	#N/A	#N/A	0.0082
	4-27-1992	5-4-1992	0.042	0.008	0.055	0.036	0.047	0.046	0.0092	#N/A	#N/A	0.0079
	5-4-1992	5-11-1992	0.056	0.013	0.066	0.050	0.066	0.053	0.0099	#N/A	#N/A	0.0085
	5-11-1992	5-18-1992	0.223	0.012	0.063	0.155	0.202	0.023	0.0070	#N/A	#N/A	0.0051
	5-18-1992	5-25-1992	0.036	0.007	0.056	0.030	0.039	0.049	0.0049	#N/A	#N/A	0.0067
	5-25-1992	6-1-1992	0.058	0.018	0.052	0.050	0.065	0.039	0.0051	#N/A	#N/A	0.0084
	6-1-1992	6-8-1992	0.015	0.002	0.035	0.012	0.016	0.032	0.0020	#N/A	#N/A	0.0032
	6-8-1992	6-15-1992	0.020	0.002	0.041	0.018	0.023	0.037	0.0026	#N/A	#N/A	0.0031
	6-15-1992	6-22-1992	0.107	0.011	0.068	0.084	0.109	0.047	0.0033	#N/A	#N/A	0.0087
	6-22-1992	6-29-1992	0.027	0.003	0.049	0.024	0.032	0.043	0.0026	#N/A	#N/A	0.0055
	6-29-1992	7-6-1992	0.068	0.007	0.080	0.059	0.077	0.065	0.0030	#N/A	#N/A	0.0077
	7-6-1992	7-13-1992	0.103	0.009	0.038	0.071	0.093	0.020	0.0016	#N/A	#N/A	0.0021
	7-13-1992	7-20-1992	0.052	0.007	0.041	0.040	0.052	0.030	0.0016	#N/A	#N/A	0.0025
	7-20-1992	7-27-1992	0.212	0.023	0.053	0.151	0.196	0.015	0.0019	#N/A	#N/A	0.0042
	7-27-1992	8-3-1992	0.341	0.026	0.060	0.235	0.306	0.000	0.0021	#N/A	#N/A	0.0039
	8-3-1992	8-10-1992	0.150	0.032	0.069	0.118	0.154	0.040	0.0023	#N/A	#N/A	0.0053
	8-10-1992	8-17-1992	0.183	0.025	0.071	0.143	0.186	0.035	0.0026	#N/A	#N/A	0.0040
	8-17-1992	8-24-1992	0.143	0.024	0.059	0.114	0.149	0.030	0.0030	#N/A	#N/A	0.0025
	8-24-1992	8-31-1992	0.314	0.031	0.072	0.235	0.306	0.013	0.0041	#N/A	#N/A	0.0057
	8-31-1992	9-7-1992	0.730	0.037	0.068	0.496	0.644	-0.057	0.0041	#N/A	#N/A	0.0031
	9-7-1992	9-14-1992	0.187	0.031	0.075	0.152	0.197	0.037	0.0061	#N/A	#N/A	0.0064
	9-14-1992	9-21-1992	0.094	0.023	0.070	0.088	0.114	0.048	0.0058	#N/A	#N/A	0.0042
	9-21-1992	9-28-1992	0.226	0.039	0.085	0.183	0.238	0.039	0.0074	#N/A	#N/A	0.0045
	9-28-1992	10-5-1992	0.214	0.034	0.088	0.175	0.228	0.044	0.0104	#N/A	#N/A	0.0055
	10-5-1992	10-12-1992	0.244	0.025	0.102	0.198	0.257	0.052	0.0103	#N/A	#N/A	0.0048
	10-12-1992	10-19-1992	0.332	0.035	0.144	0.268	0.348	0.077	0.0133	#N/A	#N/A	0.0092
	10-19-1992	10-26-1992	0.072	0.028	0.108	0.069	0.089	0.090	0.0108	#N/A	#N/A	0.0119
	10-26-1992	11-2-1992	0.165	0.045	0.155	0.159	0.206	0.115	0.0129	#N/A	#N/A	0.0254
	11-2-1992	11-9-1992	0.096	0.026	0.143	0.100	0.130	0.118	0.0153	#N/A	#N/A	0.0199
	11-9-1992	11-16-1992	0.064	0.035	0.181	0.082	0.106	0.161	0.0202	#N/A	#N/A	0.0423
	11-16-1992	11-23-1992	0.174	0.053	0.220	0.191	0.249	0.172	0.0379	#N/A	#N/A	0.0272
	11-23-1992	11-30-1992	0.042	0.036	0.182	0.070	0.091	0.164	0.0245	#N/A	#N/A	0.0309
	11-30-1992	12-7-1992	0.018	0.051	0.263	0.067	0.087	0.246	0.0216	#N/A	#N/A	0.0691
	12-7-1992	12-14-1992	0.018	0.042	0.234	0.065	0.084	0.218	0.0177	#N/A	#N/A	0.0491
	12-14-1992	12-21-1992	0.013	0.022	0.286	0.055	0.072	0.272	0.0213	#N/A	#N/A	0.0291
	12-21-1992	12-28-1992	#N/A	#N/A	#N/A	#N/A	#N/A	#N/A	#N/A	#N/A	#N/A	#N/A
	12-28-1992	1-4-1993	0.043	0.020	0.288	0.069	0.090	0.270	0.0598	#N/A	#N/A	0.0804
	1-4-1993	1-11-1993	0.075	0.026	0.414	0.116	0.150	0.384	0.0580	#N/A	#N/A	0.0932
	1-11-1993	1-18-1993	0.094	0.013	0.320	0.121	0.157	0.290	0.0419	#N/A	#N/A	0.0627
	1-18-1993	1-25-1993	0.015	0.006	0.333	0.054	0.070	0.319	0.0366	#N/A	#N/A	0.0467
	1-25-1993	2-2-1993	0.010	0.004	0.341	0.043	0.055	0.331	0.0230	#N/A	#N/A	0.0463
	2-2-1993	2-8-1993	0.036	0.006	0.353	0.055	0.072	0.339	0.0193	#N/A	#N/A	0.0532
	2-8-1993	2-15-1993	0.025	0.002	0.272	0.039	0.050	0.263	0.0112	#N/A	#N/A	0.0199
	2-15-1993	2-22-1993	0.031	0.006	0.256	0.042	0.055	0.246	0.0261	#N/A	#N/A	0.0120
	2-22-1993	3-1-1993	0.067	0.009	0.310	0.110	0.143	0.283	0.0456	#N/A	#N/A	0.0178
	3-1-1993	3-8-1993	0.013	0.002	0.318	0.055	0.072	0.304	0.0265	#N/A	#N/A	0.0106
	3-8-1993	3-15-1993	0.039	0.005	0.356	0.089	0.115	0.334	0.0340	#N/A	#N/A	0.0091
	3-15-1993	3-22-1993	0.011	0.000	0.230	0.041	0.054	0.220	0.0180	#N/A	#N/A	0.0050
	3-22-1993	3-29-1993	0.093	0.007	0.172	0.107	0.138	0.146	0.0326	#N/A	#N/A	0.0111
	3-29-1993	4-5-1993	0.019	0.005	0.122	0.033	0.043	0.113	0.0187	#N/A	#N/A	0.0082
	4-5-1993	4-12-1993	0.036	0.004	0.130	0.050	0.065	0.117	0.0148	#N/A	#N/A	0.0090
	4-12-1993	4-19-1993	0.020	0.002	0.123	0.033	0.043	0.115	0.0146	#N/A	#N/A	0.0074
	4-19-1993	4-26-1993	0.083	0.003	0.090	0.073	0.095	0.071	0.0134	#N/A	#N/A	0.0050
	4-26-1993	5-3-1993	0.054	0.004	0.093	0.055	0.071	0.079	0.0116	#N/A	#N/A	0.0038
	5-3-1993	5-10-1993	0.063	0.003	0.130	0.070	0.091	0.113	0.0089	#N/A	#N/A	0.0078
	5-10-1993	5-17-1993	0.063	0.005	0.080	0.058	0.075	0.066	0.0063	#N/A	#N/A	0.0151
	5-17-1993	5-24-1993	0.051	0.004	0.089	0.047	0.060	0.078	0.0051	#N/A	#N/A	0.0221
	5-24-1993	5-31-1993	0.115	0.012	0.084	0.094	0.122	0.060	0.0034	#N/A	#N/A	0.0135
	5-31-1993	6-7-1993	0.277	0.009	0.088	0.196	0.255	0.039	0.0032	#N/A	#N/A	0.0075
	6-7-1993	6-14-1993	0.099	0.012	0.095	0.083	0.108	0.074	0.0029	#N/A	#N/A	0.0100
	6-14-1993	6-21-1993	0.139	0.007	0.073	0.104	0.135	0.047	0.0020	#N/A	#N/A	0.0089
	6-21-1993	6-28-1993	0.209	0.009	0.073	0.150	0.195	0.035	0.0019	#N/A	#N/A	0.0059
	6-28-1993	7-5-1993	0.222	0.030	0.057	0.163	0.212	0.016	0.0018	#N/A	#N/A	0.0072
	7-5-1993	7-12-1993	0.115	0.024	0.059	0.091	0.118	0.036	0.0017	#N/A	#N/A	0.0041
	7-12-1993	7-19-1993	0.215	0.028	0.064	0.145	0.189	0.028	0.0014	#N/A	#N/A	0.0089
	7-19-1993	7-26-1993	0.149	0.045	0.074	0.113	0.146	0.045	0.0013	#N/A	#N/A	0.0101
	7-26-1993	8-2-1993	0.122	0.033	0.101	0.104	0.135	0.075	0.0022	#N/A	#N/A	0.0091
	8-2-1993	8-9-1993	0.198	0.028	0.087	0.153	0.199	0.049	0.0023	#N/A	#N/A	0.0128
	8-9-1993	8-16-1993	0.133	0.020	0.075	0.099	0.129	0.050	0.0023	#N/A	#N/A	0.0115
	8-16-1993	8-23-1993	0.037	0.016	0.081	0.032	0.042	0.073	0.0024	#N/A	#N/A	0.0199
	8-23-1993	8-30-1993	0.116	0.030	0.081	0.089	0.116	0.059	0.0036	#N/A	#N/A	0.0184
	8-30-1993	9-6-1993	0.137	0.024	0.083	0.108	0.140	0.056	0.0044	#N/A	#N/A	0.0155
	9-6-1993	9-13-1993	0.182	0.025	0.080	0.129	0.168	0.048	0.0049	#N/A	#N/A	0.0152
	9-13-1993	9-20-1993	0.164	0.019	0.089	0.119	0.155	0.059	0.0053	#N/A	#N/A	0.0241
	9-20-1993	9-27-1993	0.075	0.019	0.110	0.072	0.093	0.092	0.0084	#N/A	#N/A	0.0160
	9-27-1993	10-4-1993	0.099	0.039	0.103	0.095	0.123	0.079	0.0116	#N/A	#N/A	0.0185
	10-4-1993	10-11-1993	0.059	0.018	0.137	0.063	0.082	0.121	0.0145	#N/A	#N/A	0.0341
	10-11-1993	10-18-1993	0.379	0.065	0.128	0.290	0.377	0.055	0.0146	#N/A	#N/A	0.0151
	10-18-1993	10-25-1993	0.123	0.033	0.131	0.112	0.145	0.103	0.0216	#N/A	#N/A	0.0318
	10-25-1993	11-1-1993	0.120	0.058	0.143	0.111	0.145	0.115	0.0190	#N/A	#N/A	0.0334
	11-1-1993	11-8-1993	0.043	0.054	0.198	0.082	0.106	0.177	0.0168	#N/A	#N/A	0.0438
	11-8-1993	11-15-1993	0.034	0.050	0.226	0.079	0.103	0.206	0.0220	#N/A	#N/A	0.0238
	11-15-1993	11-22-1993	0.040	0.055	0.214	0.083	0.108	0.193	0.0237	#N/A	#N/A	0.0349
	11-22-1993	11-29-1993	0.019	0.048	0.310	0.075	0.098	0.291	0.0187	#N/A	#N/A	0.0560
	11-29-1993	12-6-1993	0.020	0.034	0.190	0.044	0.058	0.179	0.0085	#N/A	#N/A	0.0374
	12-6-1993	12-13-1993	0.022	0.065	0.286	0.087	0.114	0.264	0.0155	#N/A	#N/A	0.0643
	12-13-1993	12-20-1993	0.011	0.044	0.301	0.061	0.080	0.286	0.0283	#N/A	#N/A	0.0550
	12-20-1993	2-28-1994	#N/A	#N/A	#N/A	#N/A	#N/A	#N/A	#N/A	#N/A	#N/A	#N/A
	2-28-1994	3-7-1994	0.061	0.018	0.159	0.070	0.092	0.141	#N/A	#N/A	#N/A	0.0482
	3-7-1994	3-14-1994	0.045	0.022	0.213	0.078	0.101	0.194	#N/A	#N/A	#N/A	0.0495
	3-14-1994	3-21-1994	#N/A	#N/A	#N/A	#N/A	#N/A	#N/A	#N/A	#N/A	#N/A	#N/A
	3-21-1994	3-28-1994	0.040	0.010	0.138	0.044	0.057	0.127	#N/A	#N/A	#N/A	0.0452
	3-28-1994	4-6-1994	0.048	0.011	0.103	0.048	0.063	0.091	#N/A	#N/A	#N/A	0.0303
	4-6-1994	4-11-1994	0.057	0.012	0.066	0.056	0.073	0.052	#N/A	#N/A	#N/A	0.0168
	4-11-1994	4-18-1994	0.112	0.022	0.295	0.178	0.232	0.250	#N/A	#N/A	#N/A	0.0267
	4-18-1994	4-25-1994	0.003	0.007	0.051	0.013	0.017	0.048	#N/A	#N/A	#N/A	0.0188
	4-25-1994	5-2-1994	0.021	0.010	0.053	0.027	0.035	0.046	#N/A	#N/A	#N/A	0.0184
	5-2-1994	5-9-1994	0.115	0.016	0.048	0.083	0.107	0.028	#N/A	#N/A	#N/A	0.0130
	5-9-1994	5-16-1994	0.108	0.022	0.057	0.088	0.114	0.035	#N/A	#N/A	#N/A	0.0123
	5-16-1994	5-23-1994	0.776	0.018	0.050	0.456	0.592	-0.064	#N/A	#N/A	#N/A	0.0137
	5-23-1994	5-30-1994	0.106	0.010	0.034	0.073	0.095	0.016	#N/A	#N/A	#N/A	0.0073
	5-30-1994	6-6-1994	0.086	0.011	0.055	0.067	0.088	0.038	#N/A	#N/A	#N/A	0.0172
	6-6-1994	6-14-1994	0.176	0.024	0.071	0.134	0.174	0.037	#N/A	#N/A	#N/A	0.0114
	6-14-1994	6-20-1994	0.106	0.014	0.064	0.089	0.116	0.041	#N/A	#N/A	#N/A	0.0106
	6-20-1994	6-27-1994	0.148	0.017	0.067	0.113	0.147	0.039	#N/A	#N/A	#N/A	0.0122
	6-27-1994	7-4-1994	0.017	0.008	0.033	0.023	0.029	0.028	#N/A	#N/A	#N/A	0.0096
	7-4-1994	7-11-1994	0.195	0.011	0.050	0.101	0.131	0.025	#N/A	#N/A	#N/A	0.0156
	7-11-1994	7-18-1994	0.048	0.012	0.032	0.041	0.053	0.022	#N/A	#N/A	#N/A	0.0075
	7-18-1994	7-25-1994	0.020	0.012	0.034	0.025	0.032	0.028	#N/A	#N/A	#N/A	0.0095
	7-25-1994	8-1-1994	0.129	0.032	0.046	0.096	0.125	0.022	#N/A	#N/A	#N/A	0.0107
	8-1-1994	8-8-1994	0.082	0.027	0.037	0.069	0.090	0.020	#N/A	#N/A	#N/A	0.0068
	8-8-1994	8-15-1994	0.399	0.048	0.075	0.255	0.332	0.011	#N/A	#N/A	#N/A	0.0137
	8-15-1994	8-22-1994	0.161	0.047	0.061	0.120	0.155	0.030	#N/A	#N/A	#N/A	0.0179
	8-22-1994	8-29-1994	0.057	0.044	0.042	0.059	0.076	0.027	#N/A	#N/A	#N/A	0.0108
	8-29-1994	9-5-1994	0.051	0.029	0.038	0.050	0.065	0.025	#N/A	#N/A	#N/A	0.0113
	9-5-1994	9-12-1994	0.109	0.037	0.052	0.088	0.114	0.030	#N/A	#N/A	#N/A	0.0110
	9-12-1994	9-19-1994	0.544	0.050	0.069	0.336	0.437	-0.016	#N/A	#N/A	#N/A	0.0174
	9-19-1994	9-26-1994	0.077	0.020	0.051	0.068	0.089	0.033	#N/A	#N/A	#N/A	0.0120
	9-26-1994	10-3-1994	0.158	0.029	0.059	0.121	0.157	0.028	#N/A	#N/A	#N/A	0.0100
	10-3-1994	10-10-1994	0.204	0.034	0.078	0.160	0.207	0.037	#N/A	#N/A	#N/A	0.0097
	10-10-1994	10-17-1994	#N/A	#N/A	#N/A	#N/A	#N/A	#N/A	#N/A	#N/A	#N/A	#N/A
	10-17-1994	10-24-1994	0.152	0.042	0.097	0.132	0.172	0.064	#N/A	#N/A	#N/A	0.0191
	10-24-1994	10-31-1994	0.115	0.066	0.096	0.117	0.152	0.067	#N/A	#N/A	#N/A	0.0197
	10-31-1994	11-7-1994	0.126	0.053	0.106	0.123	0.160	0.075	#N/A	#N/A	#N/A	0.0225
	11-7-1994	11-14-1994	0.054	0.035	0.115	0.071	0.093	0.097	#N/A	#N/A	#N/A	0.0289
	11-14-1994	11-21-1994	0.043	0.047	0.142	0.073	0.095	0.124	#N/A	#N/A	#N/A	0.0337
	11-21-1994	11-28-1994	0.017	0.068	0.167	0.072	0.094	0.149	#N/A	#N/A	#N/A	0.0358
	11-28-1994	12-5-1994	0.019	0.037	0.142	0.049	0.063	0.129	#N/A	#N/A	#N/A	0.0387
	12-5-1994	12-12-1994	0.017	0.042	0.160	0.055	0.071	0.146	#N/A	#N/A	#N/A	0.0411
	12-12-1994	12-19-1994	0.091	0.068	0.180	0.111	0.145	0.152	#N/A	#N/A	#N/A	0.0470
	12-19-1994	12-26-1994	0.022	0.050	0.220	0.062	0.081	0.204	#N/A	#N/A	#N/A	0.0620
	12-26-1994	1-2-1995	0.060	0.041	0.236	0.087	0.113	0.214	#N/A	#N/A	#N/A	0.0671
	1-2-1995	1-9-1995	0.028	0.045	0.310	0.071	0.093	0.292	#N/A	#N/A	#N/A	0.0817
	1-9-1995	1-16-1995	0.102	0.030	0.259	0.099	0.128	0.234	#N/A	#N/A	#N/A	0.0784
	1-16-1995	1-23-1995	0.033	0.022	0.224	0.049	0.064	0.211	#N/A	#N/A	#N/A	0.0648
	1-23-1995	1-30-1995	0.043	0.023	0.271	0.056	0.072	0.257	#N/A	#N/A	#N/A	0.0822
	1-30-1995	2-6-1995	0.023	0.028	0.227	0.050	0.065	0.215	#N/A	#N/A	#N/A	0.0637
	2-6-1995	2-16-1995	0.024	0.014	0.180	0.033	0.042	0.172	#N/A	#N/A	#N/A	0.0568
	2-16-1995	2-20-1995	0.059	0.013	0.167	0.055	0.072	0.153	#N/A	#N/A	#N/A	0.0518
	2-20-1995	2-27-1995	0.015	0.008	0.145	0.017	0.022	0.140	#N/A	#N/A	#N/A	0.0496
	2-27-1995	3-6-1995	0.013	0.007	0.153	0.018	0.024	0.149	#N/A	#N/A	#N/A	0.0517
	3-6-1995	3-13-1995	0.025	0.008	0.118	0.024	0.032	0.112	#N/A	#N/A	#N/A	0.0414
	3-13-1995	3-20-1995	0.021	0.008	0.132	0.029	0.038	0.125	#N/A	#N/A	#N/A	0.0426
	3-20-1995	3-27-1995	0.020	0.005	0.091	0.025	0.033	0.085	#N/A	#N/A	#N/A	0.0300
	3-27-1995	4-3-1995	0.073	0.017	0.088	0.055	0.072	0.074	#N/A	#N/A	#N/A	0.0257
	4-3-1995	4-10-1995	0.106	0.010	0.059	0.073	0.095	0.040	#N/A	#N/A	#N/A	0.0116
	4-10-1995	4-17-1995	0.026	0.003	0.037	0.019	0.024	0.033	#N/A	#N/A	#N/A	0.0115
	4-17-1995	4-24-1995	0.107	0.008	0.036	0.065	0.084	0.019	#N/A	#N/A	#N/A	0.0093
	4-24-1995	5-1-1995	0.710	0.014	0.063	0.382	0.497	-0.034	#N/A	#N/A	#N/A	0.0137
	5-1-1995	5-8-1995	0.087	0.007	0.050	0.058	0.076	0.035	#N/A	#N/A	#N/A	0.0123
	5-8-1995	5-15-1995	0.200	0.015	0.041	0.119	0.154	0.011	#N/A	#N/A	#N/A	0.0072
	5-15-1995	5-22-1995	0.141	0.022	0.057	0.092	0.119	0.034	#N/A	#N/A	#N/A	0.0111
	5-22-1995	5-29-1995	0.126	0.015	0.053	0.084	0.109	0.032	#N/A	#N/A	#N/A	0.0103
	5-29-1995	6-5-1995	0.088	0.015	0.044	0.057	0.073	0.030	#N/A	#N/A	#N/A	0.0118
	6-5-1995	6-12-1995	0.217	0.014	0.041	0.129	0.168	0.008	#N/A	#N/A	#N/A	0.0046
	6-12-1995	6-19-1995	0.157	0.014	0.041	0.097	0.127	0.017	#N/A	#N/A	#N/A	0.0060
	6-19-1995	6-26-1995	0.085	0.015	0.033	0.060	0.077	0.018	#N/A	#N/A	#N/A	0.0073
	6-26-1995	7-3-1995	0.086	0.024	0.035	0.063	0.082	0.019	#N/A	#N/A	#N/A	0.0073
	7-3-1995	7-11-1995	0.419	0.018	0.066	0.269	0.350	-0.002	#N/A	#N/A	#N/A	0.0035
	7-11-1995	7-17-1995	0.179	0.015	0.039	0.117	0.152	0.010	#N/A	#N/A	#N/A	0.0048
	7-17-1995	7-24-1995	0.202	0.019	0.041	0.132	0.171	0.007	#N/A	#N/A	#N/A	0.0041
	7-24-1995	8-7-1995	0.017	0.005	0.010	0.013	0.017	0.007	#N/A	#N/A	#N/A	0.0014
	8-7-1995	8-12-1995	0.734	0.072	0.144	0.469	0.609	0.026	#N/A	#N/A	#N/A	0.0139
	8-12-1995	8-21-1995	0.036	0.013	0.030	0.027	0.034	0.023	#N/A	#N/A	#N/A	0.0082
	8-21-1995	8-28-1995	0.078	0.029	0.035	0.053	0.069	0.021	#N/A	#N/A	#N/A	0.0085
	8-28-1995	9-4-1995	0.346	0.036	0.053	0.216	0.280	-0.001	#N/A	#N/A	#N/A	0.0089
	9-4-1995	9-11-1995	0.217	0.029	0.050	0.140	0.182	0.014	#N/A	#N/A	#N/A	0.0077
	9-11-1995	9-18-1995	0.067	0.034	0.043	0.056	0.073	0.029	#N/A	#N/A	#N/A	0.0103
	9-18-1995	9-25-1995	0.317	0.034	0.066	0.205	0.266	0.014	#N/A	#N/A	#N/A	0.0093
	9-25-1995	10-4-1995	0.225	0.036	0.067	0.156	0.202	0.028	#N/A	#N/A	#N/A	0.0090
	10-4-1995	10-16-1995	0.203	0.027	0.074	0.139	0.181	0.039	#N/A	#N/A	#N/A	0.0113
	10-16-1995	10-23-1995	0.073	0.029	0.065	0.061	0.080	0.050	#N/A	#N/A	#N/A	0.0170
	10-23-1995	10-31-1995	0.079	0.047	0.101	0.078	0.102	0.081	#N/A	#N/A	#N/A	0.0257
	10-31-1995	11-6-1995	0.119	0.060	0.164	0.116	0.151	0.135	#N/A	#N/A	#N/A	0.0406
	11-6-1995	11-13-1995	0.076	0.044	0.212	0.092	0.120	0.189	#N/A	#N/A	#N/A	0.0383
	11-13-1995	11-20-1995	0.095	0.055	0.226	0.108	0.140	0.199	#N/A	#N/A	#N/A	0.0549
	11-20-1995	11-27-1995	0.114	0.053	0.231	0.114	0.148	0.203	#N/A	#N/A	#N/A	0.0589
	11-27-1995	12-4-1995	0.099	0.061	0.249	0.108	0.140	0.222	#N/A	#N/A	#N/A	0.0657
	12-4-1995	12-11-1995	0.034	0.035	0.184	0.054	0.071	0.170	#N/A	#N/A	#N/A	0.0513
	12-11-1995	12-18-1995	0.041	0.036	0.239	0.069	0.090	0.222	#N/A	#N/A	#N/A	0.0459
	12-18-1995	12-25-1995	0.099	0.021	0.286	0.117	0.152	0.257	#N/A	#N/A	#N/A	0.0771
	12-25-1995	1-1-1996	0.030	0.024	0.198	0.051	0.066	0.185	#N/A	#N/A	#N/A	0.0578
